Automatically generated mesh
      56
Reciprocal lattice
    0.00000000000000    0.00000000000000    0.00000000000000             1
    0.04347826086956    0.00000000000000    0.00000000000000             6
    0.08695652173913   -0.00000000000000    0.00000000000000             6
    0.13043478260870    0.00000000000000    0.00000000000000             6
    0.17391304347826   -0.00000000000000    0.00000000000000             6
    0.21739130434783   -0.00000000000000    0.00000000000000             6
    0.26086956521739    0.00000000000000    0.00000000000000             6
    0.30434782608695    0.00000000000000    0.00000000000000             6
    0.34782608695652    0.00000000000000    0.00000000000000             6
    0.39130434782609    0.00000000000000    0.00000000000000             6
    0.43478260869565    0.00000000000000    0.00000000000000             6
    0.47826086956522   -0.00000000000000    0.00000000000000             6
    0.04347826086956    0.04347826086956    0.00000000000000             6
    0.08695652173913    0.04347826086956    0.00000000000000            12
    0.13043478260870    0.04347826086956    0.00000000000000            12
    0.17391304347826    0.04347826086956    0.00000000000000            12
    0.21739130434783    0.04347826086956    0.00000000000000            12
    0.26086956521739    0.04347826086956    0.00000000000000            12
    0.30434782608695    0.04347826086956    0.00000000000000            12
    0.34782608695652    0.04347826086956    0.00000000000000            12
    0.39130434782609    0.04347826086956    0.00000000000000            12
    0.43478260869565    0.04347826086956    0.00000000000000            12
    0.47826086956522    0.04347826086956    0.00000000000000             6
    0.08695652173913    0.08695652173913    0.00000000000000             6
    0.13043478260870    0.08695652173913    0.00000000000000            12
    0.17391304347826    0.08695652173913    0.00000000000000            12
    0.21739130434783    0.08695652173913    0.00000000000000            12
    0.26086956521739    0.08695652173913    0.00000000000000            12
    0.30434782608695    0.08695652173913    0.00000000000000            12
    0.34782608695652    0.08695652173913    0.00000000000000            12
    0.39130434782609    0.08695652173913    0.00000000000000            12
    0.43478260869565    0.08695652173913    0.00000000000000            12
    0.13043478260870    0.13043478260870    0.00000000000000             6
    0.17391304347826    0.13043478260870    0.00000000000000            12
    0.21739130434783    0.13043478260870    0.00000000000000            12
    0.26086956521739    0.13043478260870    0.00000000000000            12
    0.30434782608695    0.13043478260870    0.00000000000000            12
    0.34782608695652    0.13043478260870    0.00000000000000            12
    0.39130434782609    0.13043478260870    0.00000000000000            12
    0.43478260869565    0.13043478260870    0.00000000000000             6
    0.17391304347826    0.17391304347826    0.00000000000000             6
    0.21739130434783    0.17391304347826    0.00000000000000            12
    0.26086956521739    0.17391304347826    0.00000000000000            12
    0.30434782608695    0.17391304347826    0.00000000000000            12
    0.34782608695652    0.17391304347826    0.00000000000000            12
    0.39130434782609    0.17391304347826    0.00000000000000            12
    0.21739130434783    0.21739130434783    0.00000000000000             6
    0.26086956521739    0.21739130434783    0.00000000000000            12
    0.30434782608695    0.21739130434783    0.00000000000000            12
    0.34782608695652    0.21739130434783    0.00000000000000            12
    0.39130434782609    0.21739130434783    0.00000000000000             6
    0.26086956521739    0.26086956521739    0.00000000000000             6
    0.30434782608695    0.26086956521739    0.00000000000000            12
    0.34782608695652    0.26086956521739    0.00000000000000            12
    0.30434782608695    0.30434782608695    0.00000000000000             6
    0.34782608695652    0.30434782608695    0.00000000000000             6
