Automatically generated mesh
     365
Reciprocal lattice
    0.00000000000000    0.00000000000000    0.00000000000000             1
    0.03703703703704    0.00000000000000    0.00000000000000             2
    0.00000000000000    0.03703703703704    0.00000000000000             2
   -0.03703703703704    0.03703703703704    0.00000000000000             2
    0.07407407407408    0.00000000000000    0.00000000000000             2
    0.00000000000000    0.07407407407408    0.00000000000000             2
   -0.07407407407408    0.07407407407408    0.00000000000000             2
    0.11111111111111    0.00000000000000    0.00000000000000             2
    0.00000000000000    0.11111111111111    0.00000000000000             2
   -0.11111111111111    0.11111111111111    0.00000000000000             2
    0.14814814814815    0.00000000000000    0.00000000000000             2
    0.00000000000000    0.14814814814815    0.00000000000000             2
   -0.14814814814815    0.14814814814815    0.00000000000000             2
    0.18518518518518    0.00000000000000    0.00000000000000             2
    0.00000000000000    0.18518518518518    0.00000000000000             2
   -0.18518518518518    0.18518518518518    0.00000000000000             2
    0.22222222222222    0.00000000000000    0.00000000000000             2
    0.00000000000000    0.22222222222222    0.00000000000000             2
   -0.22222222222222    0.22222222222222    0.00000000000000             2
    0.25925925925926    0.00000000000000    0.00000000000000             2
    0.00000000000000    0.25925925925926    0.00000000000000             2
   -0.25925925925926    0.25925925925926    0.00000000000000             2
    0.29629629629630    0.00000000000000    0.00000000000000             2
    0.00000000000000    0.29629629629630    0.00000000000000             2
   -0.29629629629630    0.29629629629630    0.00000000000000             2
    0.33333333333334    0.00000000000000    0.00000000000000             2
    0.00000000000000    0.33333333333334    0.00000000000000             2
   -0.33333333333334    0.33333333333334    0.00000000000000             2
    0.37037037037037    0.00000000000000    0.00000000000000             2
    0.00000000000000    0.37037037037037    0.00000000000000             2
   -0.37037037037037    0.37037037037037    0.00000000000000             2
    0.40740740740740    0.00000000000000    0.00000000000000             2
    0.00000000000000    0.40740740740740    0.00000000000000             2
   -0.40740740740740    0.40740740740740    0.00000000000000             2
    0.44444444444444    0.00000000000000    0.00000000000000             2
    0.00000000000000    0.44444444444444    0.00000000000000             2
   -0.44444444444444    0.44444444444444    0.00000000000000             2
    0.48148148148148    0.00000000000000    0.00000000000000             2
    0.00000000000000    0.48148148148148    0.00000000000000             2
   -0.48148148148148    0.48148148148148    0.00000000000000             2
    0.03703703703704    0.03703703703704    0.00000000000000             2
   -0.03703703703704    0.07407407407408    0.00000000000000             2
   -0.07407407407408    0.03703703703704    0.00000000000000             2
    0.07407407407408    0.03703703703704    0.00000000000000             2
   -0.03703703703704    0.11111111111111    0.00000000000000             2
   -0.11111111111111    0.07407407407408    0.00000000000000             2
   -0.07407407407408    0.11111111111111    0.00000000000000             2
    0.03703703703704    0.07407407407408    0.00000000000000             2
    0.11111111111111   -0.03703703703704    0.00000000000000             2
    0.11111111111111    0.03703703703704    0.00000000000000             2
   -0.03703703703704    0.14814814814815    0.00000000000000             2
   -0.14814814814815    0.11111111111111    0.00000000000000             2
   -0.11111111111111    0.14814814814815    0.00000000000000             2
    0.03703703703704    0.11111111111111    0.00000000000000             2
    0.14814814814815   -0.03703703703704    0.00000000000000             2
    0.14814814814815    0.03703703703704    0.00000000000000             2
   -0.03703703703704    0.18518518518518    0.00000000000000             2
   -0.18518518518518    0.14814814814815    0.00000000000000             2
   -0.14814814814815    0.18518518518518    0.00000000000000             2
    0.03703703703704    0.14814814814815    0.00000000000000             2
    0.18518518518518   -0.03703703703704    0.00000000000000             2
    0.18518518518518    0.03703703703704    0.00000000000000             2
   -0.03703703703704    0.22222222222222    0.00000000000000             2
   -0.22222222222222    0.18518518518518    0.00000000000000             2
   -0.18518518518518    0.22222222222222    0.00000000000000             2
    0.03703703703704    0.18518518518518    0.00000000000000             2
    0.22222222222222   -0.03703703703704    0.00000000000000             2
    0.22222222222222    0.03703703703704    0.00000000000000             2
   -0.03703703703704    0.25925925925926    0.00000000000000             2
   -0.25925925925926    0.22222222222222    0.00000000000000             2
   -0.22222222222222    0.25925925925926    0.00000000000000             2
    0.03703703703704    0.22222222222222    0.00000000000000             2
    0.25925925925926   -0.03703703703704    0.00000000000000             2
    0.25925925925926    0.03703703703704    0.00000000000000             2
   -0.03703703703704    0.29629629629630    0.00000000000000             2
   -0.29629629629630    0.25925925925926    0.00000000000000             2
   -0.25925925925926    0.29629629629630    0.00000000000000             2
    0.03703703703704    0.25925925925926    0.00000000000000             2
    0.29629629629630   -0.03703703703704    0.00000000000000             2
    0.29629629629630    0.03703703703704    0.00000000000000             2
   -0.03703703703704    0.33333333333334    0.00000000000000             2
   -0.33333333333334    0.29629629629630    0.00000000000000             2
   -0.29629629629630    0.33333333333334    0.00000000000000             2
    0.03703703703704    0.29629629629630    0.00000000000000             2
    0.33333333333334   -0.03703703703704    0.00000000000000             2
    0.33333333333334    0.03703703703704    0.00000000000000             2
   -0.03703703703704    0.37037037037037    0.00000000000000             2
   -0.37037037037037    0.33333333333334    0.00000000000000             2
   -0.33333333333334    0.37037037037037    0.00000000000000             2
    0.03703703703704    0.33333333333334    0.00000000000000             2
    0.37037037037037   -0.03703703703704    0.00000000000000             2
    0.37037037037037    0.03703703703704    0.00000000000000             2
   -0.03703703703704    0.40740740740741    0.00000000000000             2
   -0.40740740740741    0.37037037037037    0.00000000000000             2
   -0.37037037037037    0.40740740740741    0.00000000000000             2
    0.03703703703704    0.37037037037037    0.00000000000000             2
    0.40740740740741   -0.03703703703704    0.00000000000000             2
    0.40740740740740    0.03703703703704    0.00000000000000             2
   -0.03703703703704    0.44444444444444    0.00000000000000             2
   -0.44444444444444    0.40740740740740    0.00000000000000             2
   -0.40740740740740    0.44444444444444    0.00000000000000             2
    0.03703703703704    0.40740740740740    0.00000000000000             2
    0.44444444444444   -0.03703703703704    0.00000000000000             2
    0.44444444444444    0.03703703703704    0.00000000000000             2
   -0.03703703703704    0.48148148148148    0.00000000000000             2
   -0.48148148148148    0.44444444444444    0.00000000000000             2
   -0.44444444444444    0.48148148148148    0.00000000000000             2
    0.03703703703704    0.44444444444444    0.00000000000000             2
    0.48148148148148   -0.03703703703704    0.00000000000000             2
    0.48148148148148    0.03703703703704    0.00000000000000             2
   -0.03703703703704   -0.48148148148148    0.00000000000000             2
    0.48148148148148    0.48148148148148    0.00000000000000             2
    0.07407407407408    0.07407407407408    0.00000000000000             2
   -0.07407407407408    0.14814814814815    0.00000000000000             2
   -0.14814814814815    0.07407407407408    0.00000000000000             2
    0.11111111111111    0.07407407407408    0.00000000000000             2
   -0.07407407407408    0.18518518518519    0.00000000000000             2
   -0.18518518518519    0.11111111111111    0.00000000000000             2
   -0.11111111111111    0.18518518518519    0.00000000000000             2
    0.07407407407408    0.11111111111111    0.00000000000000             2
    0.18518518518519   -0.07407407407408    0.00000000000000             2
    0.14814814814815    0.07407407407408    0.00000000000000             2
   -0.07407407407408    0.22222222222222    0.00000000000000             2
   -0.22222222222222    0.14814814814815    0.00000000000000             2
   -0.14814814814815    0.22222222222222    0.00000000000000             2
    0.07407407407408    0.14814814814815    0.00000000000000             2
    0.22222222222222   -0.07407407407408    0.00000000000000             2
    0.18518518518518    0.07407407407408    0.00000000000000             2
   -0.07407407407408    0.25925925925926    0.00000000000000             2
   -0.25925925925926    0.18518518518518    0.00000000000000             2
   -0.18518518518518    0.25925925925926    0.00000000000000             2
    0.07407407407408    0.18518518518518    0.00000000000000             2
    0.25925925925926   -0.07407407407408    0.00000000000000             2
    0.22222222222222    0.07407407407408    0.00000000000000             2
   -0.07407407407408    0.29629629629630    0.00000000000000             2
   -0.29629629629630    0.22222222222222    0.00000000000000             2
   -0.22222222222222    0.29629629629630    0.00000000000000             2
    0.07407407407408    0.22222222222222    0.00000000000000             2
    0.29629629629630   -0.07407407407408    0.00000000000000             2
    0.25925925925926    0.07407407407408    0.00000000000000             2
   -0.07407407407408    0.33333333333334    0.00000000000000             2
   -0.33333333333334    0.25925925925926    0.00000000000000             2
   -0.25925925925926    0.33333333333334    0.00000000000000             2
    0.07407407407408    0.25925925925926    0.00000000000000             2
    0.33333333333334   -0.07407407407408    0.00000000000000             2
    0.29629629629630    0.07407407407408    0.00000000000000             2
   -0.07407407407408    0.37037037037037    0.00000000000000             2
   -0.37037037037037    0.29629629629630    0.00000000000000             2
   -0.29629629629630    0.37037037037037    0.00000000000000             2
    0.07407407407408    0.29629629629630    0.00000000000000             2
    0.37037037037037   -0.07407407407408    0.00000000000000             2
    0.33333333333334    0.07407407407408    0.00000000000000             2
   -0.07407407407408    0.40740740740741    0.00000000000000             2
   -0.40740740740741    0.33333333333334    0.00000000000000             2
   -0.33333333333334    0.40740740740741    0.00000000000000             2
    0.07407407407408    0.33333333333334    0.00000000000000             2
    0.40740740740741   -0.07407407407408    0.00000000000000             2
    0.37037037037037    0.07407407407408    0.00000000000000             2
   -0.07407407407408    0.44444444444445    0.00000000000000             2
   -0.44444444444445    0.37037037037037    0.00000000000000             2
   -0.37037037037037    0.44444444444445    0.00000000000000             2
    0.07407407407408    0.37037037037037    0.00000000000000             2
    0.44444444444445   -0.07407407407408    0.00000000000000             2
    0.40740740740740    0.07407407407408    0.00000000000000             2
   -0.07407407407408    0.48148148148148    0.00000000000000             2
   -0.48148148148148    0.40740740740740    0.00000000000000             2
   -0.40740740740740    0.48148148148148    0.00000000000000             2
    0.07407407407408    0.40740740740740    0.00000000000000             2
    0.48148148148148   -0.07407407407408    0.00000000000000             2
    0.44444444444444    0.07407407407408    0.00000000000000             2
   -0.07407407407408   -0.48148148148148    0.00000000000000             2
    0.48148148148148    0.44444444444444    0.00000000000000             2
   -0.44444444444444   -0.48148148148148    0.00000000000000             2
    0.07407407407408    0.44444444444444    0.00000000000000             2
   -0.48148148148148   -0.07407407407408    0.00000000000000             2
    0.11111111111111    0.11111111111111    0.00000000000000             2
   -0.11111111111111    0.22222222222223    0.00000000000000             2
   -0.22222222222223    0.11111111111111    0.00000000000000             2
    0.14814814814815    0.11111111111111    0.00000000000000             2
   -0.11111111111111    0.25925925925926    0.00000000000000             2
   -0.25925925925926    0.14814814814815    0.00000000000000             2
   -0.14814814814815    0.25925925925926    0.00000000000000             2
    0.11111111111111    0.14814814814815    0.00000000000000             2
    0.25925925925926   -0.11111111111111    0.00000000000000             2
    0.18518518518518    0.11111111111111    0.00000000000000             2
   -0.11111111111111    0.29629629629630    0.00000000000000             2
   -0.29629629629630    0.18518518518518    0.00000000000000             2
   -0.18518518518518    0.29629629629630    0.00000000000000             2
    0.11111111111111    0.18518518518518    0.00000000000000             2
    0.29629629629630   -0.11111111111111    0.00000000000000             2
    0.22222222222222    0.11111111111111    0.00000000000000             2
   -0.11111111111111    0.33333333333334    0.00000000000000             2
   -0.33333333333334    0.22222222222222    0.00000000000000             2
   -0.22222222222222    0.33333333333334    0.00000000000000             2
    0.11111111111111    0.22222222222222    0.00000000000000             2
    0.33333333333334   -0.11111111111111    0.00000000000000             2
    0.25925925925926    0.11111111111111    0.00000000000000             2
   -0.11111111111111    0.37037037037037    0.00000000000000             2
   -0.37037037037037    0.25925925925926    0.00000000000000             2
   -0.25925925925926    0.37037037037037    0.00000000000000             2
    0.11111111111111    0.25925925925926    0.00000000000000             2
    0.37037037037037   -0.11111111111111    0.00000000000000             2
    0.29629629629630    0.11111111111111    0.00000000000000             2
   -0.11111111111111    0.40740740740741    0.00000000000000             2
   -0.40740740740741    0.29629629629630    0.00000000000000             2
   -0.29629629629630    0.40740740740741    0.00000000000000             2
    0.11111111111111    0.29629629629630    0.00000000000000             2
    0.40740740740741   -0.11111111111111    0.00000000000000             2
    0.33333333333334    0.11111111111111    0.00000000000000             2
   -0.11111111111111    0.44444444444445    0.00000000000000             2
   -0.44444444444445    0.33333333333334    0.00000000000000             2
   -0.33333333333334    0.44444444444445    0.00000000000000             2
    0.11111111111111    0.33333333333334    0.00000000000000             2
    0.44444444444445   -0.11111111111111    0.00000000000000             2
    0.37037037037037    0.11111111111111    0.00000000000000             2
   -0.11111111111111    0.48148148148149    0.00000000000000             2
   -0.48148148148149    0.37037037037037    0.00000000000000             2
   -0.37037037037037    0.48148148148149    0.00000000000000             2
    0.11111111111111    0.37037037037037    0.00000000000000             2
    0.48148148148149   -0.11111111111111    0.00000000000000             2
    0.40740740740740    0.11111111111111    0.00000000000000             2
   -0.11111111111111   -0.48148148148148    0.00000000000000             2
    0.48148148148148    0.40740740740740    0.00000000000000             2
   -0.40740740740740   -0.48148148148148    0.00000000000000             2
    0.11111111111111    0.40740740740740    0.00000000000000             2
   -0.48148148148148   -0.11111111111111    0.00000000000000             2
    0.44444444444444    0.11111111111111    0.00000000000000             2
   -0.11111111111111   -0.44444444444444    0.00000000000000             2
    0.44444444444444    0.44444444444444    0.00000000000000             2
    0.14814814814815    0.14814814814815    0.00000000000000             2
   -0.14814814814815    0.29629629629629    0.00000000000000             2
   -0.29629629629629    0.14814814814815    0.00000000000000             2
    0.18518518518518    0.14814814814815    0.00000000000000             2
   -0.14814814814815    0.33333333333333    0.00000000000000             2
   -0.33333333333333    0.18518518518518    0.00000000000000             2
   -0.18518518518518    0.33333333333333    0.00000000000000             2
    0.14814814814815    0.18518518518518    0.00000000000000             2
    0.33333333333333   -0.14814814814815    0.00000000000000             2
    0.22222222222222    0.14814814814815    0.00000000000000             2
   -0.14814814814815    0.37037037037037    0.00000000000000             2
   -0.37037037037037    0.22222222222222    0.00000000000000             2
   -0.22222222222222    0.37037037037037    0.00000000000000             2
    0.14814814814815    0.22222222222222    0.00000000000000             2
    0.37037037037037   -0.14814814814815    0.00000000000000             2
    0.25925925925926    0.14814814814815    0.00000000000000             2
   -0.14814814814815    0.40740740740740    0.00000000000000             2
   -0.40740740740740    0.25925925925926    0.00000000000000             2
   -0.25925925925926    0.40740740740740    0.00000000000000             2
    0.14814814814815    0.25925925925926    0.00000000000000             2
    0.40740740740740   -0.14814814814815    0.00000000000000             2
    0.29629629629630    0.14814814814815    0.00000000000000             2
   -0.14814814814815    0.44444444444444    0.00000000000000             2
   -0.44444444444444    0.29629629629630    0.00000000000000             2
   -0.29629629629630    0.44444444444444    0.00000000000000             2
    0.14814814814815    0.29629629629630    0.00000000000000             2
    0.44444444444444   -0.14814814814815    0.00000000000000             2
    0.33333333333334    0.14814814814815    0.00000000000000             2
   -0.14814814814815    0.48148148148148    0.00000000000000             2
   -0.48148148148148    0.33333333333334    0.00000000000000             2
   -0.33333333333334    0.48148148148148    0.00000000000000             2
    0.14814814814815    0.33333333333334    0.00000000000000             2
    0.48148148148148   -0.14814814814815    0.00000000000000             2
    0.37037037037037    0.14814814814815    0.00000000000000             2
   -0.14814814814815   -0.48148148148148    0.00000000000000             2
    0.48148148148148    0.37037037037037    0.00000000000000             2
   -0.37037037037037   -0.48148148148148    0.00000000000000             2
    0.14814814814815    0.37037037037037    0.00000000000000             2
   -0.48148148148148   -0.14814814814815    0.00000000000000             2
    0.40740740740740    0.14814814814815    0.00000000000000             2
   -0.14814814814815   -0.44444444444445    0.00000000000000             2
    0.44444444444445    0.40740740740740    0.00000000000000             2
   -0.40740740740740   -0.44444444444445    0.00000000000000             2
    0.14814814814815    0.40740740740740    0.00000000000000             2
   -0.44444444444445   -0.14814814814815    0.00000000000000             2
    0.18518518518518    0.18518518518518    0.00000000000000             2
   -0.18518518518518    0.37037037037037    0.00000000000000             2
   -0.37037037037037    0.18518518518518    0.00000000000000             2
    0.22222222222222    0.18518518518518    0.00000000000000             2
   -0.18518518518518    0.40740740740740    0.00000000000000             2
   -0.40740740740740    0.22222222222222    0.00000000000000             2
   -0.22222222222222    0.40740740740740    0.00000000000000             2
    0.18518518518518    0.22222222222222    0.00000000000000             2
    0.40740740740740   -0.18518518518518    0.00000000000000             2
    0.25925925925926    0.18518518518518    0.00000000000000             2
   -0.18518518518518    0.44444444444444    0.00000000000000             2
   -0.44444444444444    0.25925925925926    0.00000000000000             2
   -0.25925925925926    0.44444444444444    0.00000000000000             2
    0.18518518518518    0.25925925925926    0.00000000000000             2
    0.44444444444444   -0.18518518518518    0.00000000000000             2
    0.29629629629630    0.18518518518518    0.00000000000000             2
   -0.18518518518518    0.48148148148148    0.00000000000000             2
   -0.48148148148148    0.29629629629630    0.00000000000000             2
   -0.29629629629630    0.48148148148148    0.00000000000000             2
    0.18518518518518    0.29629629629630    0.00000000000000             2
    0.48148148148148   -0.18518518518518    0.00000000000000             2
    0.33333333333334    0.18518518518518    0.00000000000000             2
   -0.18518518518518   -0.48148148148148    0.00000000000000             2
    0.48148148148148    0.33333333333334    0.00000000000000             2
   -0.33333333333334   -0.48148148148148    0.00000000000000             2
    0.18518518518518    0.33333333333334    0.00000000000000             2
   -0.48148148148148   -0.18518518518518    0.00000000000000             2
    0.37037037037037    0.18518518518518    0.00000000000000             2
   -0.18518518518518   -0.44444444444444    0.00000000000000             2
    0.44444444444444    0.37037037037037    0.00000000000000             2
   -0.37037037037037   -0.44444444444444    0.00000000000000             2
    0.18518518518518    0.37037037037037    0.00000000000000             2
   -0.44444444444444   -0.18518518518518    0.00000000000000             2
    0.40740740740740    0.18518518518518    0.00000000000000             2
   -0.18518518518518   -0.40740740740741    0.00000000000000             2
    0.40740740740741    0.40740740740740    0.00000000000000             2
    0.22222222222222    0.22222222222222    0.00000000000000             2
   -0.22222222222222    0.44444444444444    0.00000000000000             2
   -0.44444444444444    0.22222222222222    0.00000000000000             2
    0.25925925925926    0.22222222222222    0.00000000000000             2
   -0.22222222222222    0.48148148148148    0.00000000000000             2
   -0.48148148148148    0.25925925925926    0.00000000000000             2
   -0.25925925925926    0.48148148148148    0.00000000000000             2
    0.22222222222222    0.25925925925926    0.00000000000000             2
    0.48148148148148   -0.22222222222222    0.00000000000000             2
    0.29629629629630    0.22222222222222    0.00000000000000             2
   -0.22222222222222   -0.48148148148148    0.00000000000000             2
    0.48148148148148    0.29629629629630    0.00000000000000             2
   -0.29629629629630   -0.48148148148148    0.00000000000000             2
    0.22222222222222    0.29629629629630    0.00000000000000             2
   -0.48148148148148   -0.22222222222222    0.00000000000000             2
    0.33333333333334    0.22222222222222    0.00000000000000             2
   -0.22222222222222   -0.44444444444444    0.00000000000000             2
    0.44444444444444    0.33333333333334    0.00000000000000             2
   -0.33333333333334   -0.44444444444444    0.00000000000000             2
    0.22222222222222    0.33333333333334    0.00000000000000             2
   -0.44444444444444   -0.22222222222222    0.00000000000000             2
    0.37037037037037    0.22222222222222    0.00000000000000             2
   -0.22222222222222   -0.40740740740740    0.00000000000000             2
    0.40740740740740    0.37037037037037    0.00000000000000             2
   -0.37037037037037   -0.40740740740740    0.00000000000000             2
    0.22222222222222    0.37037037037037    0.00000000000000             2
   -0.40740740740740   -0.22222222222222    0.00000000000000             2
    0.25925925925926    0.25925925925926    0.00000000000000             2
   -0.25925925925926   -0.48148148148148    0.00000000000000             2
    0.48148148148148    0.25925925925926    0.00000000000000             2
    0.29629629629630    0.25925925925926    0.00000000000000             2
   -0.25925925925926   -0.44444444444444    0.00000000000000             2
    0.44444444444444    0.29629629629630    0.00000000000000             2
   -0.29629629629630   -0.44444444444444    0.00000000000000             2
    0.25925925925926    0.29629629629630    0.00000000000000             2
   -0.44444444444444   -0.25925925925926    0.00000000000000             2
    0.33333333333334    0.25925925925926    0.00000000000000             2
   -0.25925925925926   -0.40740740740740    0.00000000000000             2
    0.40740740740740    0.33333333333334    0.00000000000000             2
   -0.33333333333334   -0.40740740740740    0.00000000000000             2
    0.25925925925926    0.33333333333334    0.00000000000000             2
   -0.40740740740740   -0.25925925925926    0.00000000000000             2
    0.37037037037037    0.25925925925926    0.00000000000000             2
   -0.25925925925926   -0.37037037037037    0.00000000000000             2
    0.37037037037037    0.37037037037037    0.00000000000000             2
    0.29629629629630    0.29629629629630    0.00000000000000             2
   -0.29629629629630   -0.40740740740740    0.00000000000000             2
    0.40740740740740    0.29629629629630    0.00000000000000             2
    0.33333333333334    0.29629629629630    0.00000000000000             2
   -0.29629629629630   -0.37037037037037    0.00000000000000             2
    0.37037037037037    0.33333333333334    0.00000000000000             2
   -0.33333333333334   -0.37037037037037    0.00000000000000             2
    0.29629629629630    0.33333333333334    0.00000000000000             2
   -0.37037037037037   -0.29629629629630    0.00000000000000             2
    0.33333333333334    0.33333333333334    0.00000000000000             2
