Automatically generated mesh
      36
Reciprocal lattice
    0.00000000000000    0.00000000000000    0.00000000000000             1
    0.09090909090909    0.00000000000000    0.00000000000000             4
   -0.09090909090909    0.09090909090909    0.00000000000000             2
    0.18181818181818    0.00000000000000    0.00000000000000             4
   -0.18181818181818    0.18181818181818    0.00000000000000             2
    0.27272727272727    0.00000000000000    0.00000000000000             4
   -0.27272727272727    0.27272727272727    0.00000000000000             2
    0.36363636363637    0.00000000000000    0.00000000000000             4
   -0.36363636363637    0.36363636363637    0.00000000000000             2
    0.45454545454545    0.00000000000000    0.00000000000000             4
   -0.45454545454545    0.45454545454545    0.00000000000000             2
    0.09090909090909    0.09090909090909    0.00000000000000             2
   -0.09090909090909    0.18181818181819    0.00000000000000             4
    0.18181818181818    0.09090909090909    0.00000000000000             4
   -0.09090909090909    0.27272727272727    0.00000000000000             4
   -0.27272727272727    0.18181818181818    0.00000000000000             4
    0.27272727272727    0.09090909090909    0.00000000000000             4
   -0.09090909090909    0.36363636363637    0.00000000000000             4
   -0.36363636363637    0.27272727272727    0.00000000000000             4
    0.36363636363637    0.09090909090909    0.00000000000000             4
   -0.09090909090909    0.45454545454546    0.00000000000000             4
   -0.45454545454546    0.36363636363637    0.00000000000000             4
    0.45454545454545    0.09090909090909    0.00000000000000             4
    0.45454545454545    0.45454545454545    0.00000000000000             2
    0.18181818181818    0.18181818181818    0.00000000000000             2
   -0.18181818181818    0.36363636363636    0.00000000000000             4
    0.27272727272727    0.18181818181818    0.00000000000000             4
   -0.18181818181818    0.45454545454545    0.00000000000000             4
   -0.45454545454545    0.27272727272727    0.00000000000000             4
    0.36363636363637    0.18181818181818    0.00000000000000             4
   -0.18181818181818   -0.45454545454545    0.00000000000000             4
    0.45454545454545    0.36363636363637    0.00000000000000             4
    0.27272727272727    0.27272727272727    0.00000000000000             2
   -0.27272727272727   -0.45454545454545    0.00000000000000             4
    0.36363636363637    0.27272727272727    0.00000000000000             4
    0.36363636363636    0.36363636363637    0.00000000000000             2
Tetrahedra
       186    0.00137741046832
         4         2         4        13        13
         4         2         3        13        13
         4         2         3         3        13
         4         2         4         4        13
         4         2         2         4        13
         4         2         2         3        13
         4         4         6        15        15
         4         4        13        15        15
         4         4        13        13        15
         4         4         6         6        15
         4         4         4         6        15
         4         4         4        13        15
         4         6         8        18        18
         4         6        15        18        18
         4         6        15        15        18
         4         6         8         8        18
         4         6         6         8        18
         4         6         6        15        18
         4         8        10        21        21
         4         8        18        21        21
         4         8        18        18        21
         4         8        10        10        21
         4         8         8        10        21
         4         8         8        18        21
         4        10        10        23        23
         4        10        21        23        23
         4        10        21        21        23
         8        10        10        10        23
         4        10        10        21        23
         4         8        10        20        20
         4        10        20        20        23
         4        10        20        23        23
         4         8         8        10        20
         4         8        10        10        20
         4        10        10        20        23
         4         6         8        17        17
         4         8        17        17        20
         4         8        17        20        20
         4         6         6         8        17
         4         6         8         8        17
         4         8         8        17        20
         4         4         6        14        14
         4         6        14        14        17
         4         6        14        17        17
         4         4         4         6        14
         4         4         6         6        14
         4         6         6        14        17
         4         2         4        12        12
         4         4        12        12        14
         4         4        12        14        14
         4         2         2         4        12
         4         2         4         4        12
         4         4         4        12        14
         4         1         2         2         2
         4         2         2         2        12
         2         2         2        12        12
         2         1         1         2         2
         4         1         2         3         3
         4         1         2         2         3
         4         1         1         2         3
         4         3         5         5        13
         4         3         5        13        13
         4         3         3         5        13
         4        13        15        16        16
         4         5        13        16        16
         4         5         5        13        16
         4        13        15        15        16
         4        13        13        15        16
         4         5        13        13        16
         4        15        18        26        26
         4        15        16        26        26
         4        15        16        16        26
         4        15        18        18        26
         4        15        15        18        26
         4        15        15        16        26
         4        18        21        28        28
         4        18        26        28        28
         4        18        26        26        28
         4        18        21        21        28
         4        18        18        21        28
         4        18        18        26        28
         4        21        23        31        31
         4        21        28        31        31
         4        21        28        28        31
         4        21        23        23        31
         4        21        21        23        31
         4        21        21        28        31
         4        20        23        30        30
         4        23        30        30        31
         4        23        30        31        31
         4        20        20        23        30
         4        20        23        23        30
         4        23        23        30        31
         4        17        20        27        27
         4        20        27        27        30
         4        20        27        30        30
         4        17        17        20        27
         4        17        20        20        27
         4        20        20        27        30
         4        14        17        25        25
         4        17        25        25        27
         4        17        25        27        27
         4        14        14        17        25
         4        14        17        17        25
         4        17        17        25        27
         4        12        14        14        14
         4        14        14        14        25
         2        14        14        25        25
         2        12        12        14        14
         4         5         7         7        16
         4         5         7        16        16
         4         5         5         7        16
         4        16        19        19        26
         4         7        16        19        19
         4         7         7        16        19
         4        16        19        26        26
         4        16        16        19        26
         4         7        16        16        19
         4        26        28        29        29
         4        19        26        29        29
         4        19        19        26        29
         4        26        28        28        29
         4        26        26        28        29
         4        19        26        26        29
         4        28        31        34        34
         4        28        29        34        34
         4        28        29        29        34
         4        28        31        31        34
         4        28        28        31        34
         4        28        28        29        34
         4        30        31        35        35
         4        31        34        35        35
         4        31        34        34        35
         4        30        30        31        35
         4        30        31        31        35
         4        31        31        34        35
         4        27        30        33        33
         4        30        33        33        35
         4        30        33        35        35
         4        27        27        30        33
         4        27        30        30        33
         4        30        30        33        35
         4        25        27        27        27
         4        27        27        27        33
         2        27        27        33        33
         2        25        25        27        27
         4         7         9         9        19
         4         7         9        19        19
         4         7         7         9        19
         4        19        22        22        29
         4         9        19        22        22
         4         9         9        19        22
         4        19        22        29        29
         4        19        19        22        29
         4         9        19        19        22
         4        29        32        32        34
         4        22        29        32        32
         4        22        22        29        32
         4        29        32        34        34
         4        29        29        32        34
         4        22        29        29        32
         4        34        35        36        36
         4        32        34        36        36
         4        32        32        34        36
         4        34        35        35        36
         4        34        34        35        36
         4        32        34        34        36
         4        33        35        35        35
         4        35        35        35        36
         2        35        35        36        36
         2        33        33        35        35
         4         9        11        11        22
         4         9        11        22        22
         4         9         9        11        22
         4        22        24        24        32
         4        11        22        24        24
         4        11        11        22        24
         4        22        24        32        32
         4        22        22        24        32
         4        11        22        22        24
         4        32        32        32        36
         4        24        32        32        32
         2        24        24        32        32
         2        32        32        36        36
         4        11        11        11        24
         2        11        11        24        24
