Automatically generated mesh
    1201
Reciprocal lattice
    0.00000000000000    0.00000000000000    0.00000000000000             1
    0.02040816326531    0.00000000000000    0.00000000000000             2
    0.00000000000000    0.02040816326531    0.00000000000000             2
   -0.02040816326531    0.02040816326531    0.00000000000000             2
    0.04081632653061    0.00000000000000    0.00000000000000             2
   -0.00000000000000    0.04081632653061    0.00000000000000             2
   -0.04081632653061    0.04081632653061    0.00000000000000             2
    0.06122448979592    0.00000000000000    0.00000000000000             2
    0.00000000000000    0.06122448979592    0.00000000000000             2
   -0.06122448979592    0.06122448979592    0.00000000000000             2
    0.08163265306123   -0.00000000000000    0.00000000000000             2
   -0.00000000000000    0.08163265306123    0.00000000000000             2
   -0.08163265306123    0.08163265306123    0.00000000000000             2
    0.10204081632653    0.00000000000000    0.00000000000000             2
   -0.00000000000000    0.10204081632653    0.00000000000000             2
   -0.10204081632653    0.10204081632653    0.00000000000000             2
    0.12244897959184    0.00000000000000    0.00000000000000             2
    0.00000000000000    0.12244897959184    0.00000000000000             2
   -0.12244897959184    0.12244897959184    0.00000000000000             2
    0.14285714285715    0.00000000000000    0.00000000000000             2
    0.00000000000000    0.14285714285715    0.00000000000000             2
   -0.14285714285715    0.14285714285715    0.00000000000000             2
    0.16326530612245    0.00000000000000    0.00000000000000             2
    0.00000000000000    0.16326530612245    0.00000000000000             2
   -0.16326530612245    0.16326530612245    0.00000000000000             2
    0.18367346938776    0.00000000000000    0.00000000000000             2
    0.00000000000000    0.18367346938776    0.00000000000000             2
   -0.18367346938776    0.18367346938776    0.00000000000000             2
    0.20408163265306   -0.00000000000000    0.00000000000000             2
   -0.00000000000000    0.20408163265306    0.00000000000000             2
   -0.20408163265306    0.20408163265306    0.00000000000000             2
    0.22448979591837    0.00000000000000    0.00000000000000             2
   -0.00000000000000    0.22448979591837    0.00000000000000             2
   -0.22448979591837    0.22448979591837    0.00000000000000             2
    0.24489795918367    0.00000000000000    0.00000000000000             2
    0.00000000000000    0.24489795918367    0.00000000000000             2
   -0.24489795918367    0.24489795918367    0.00000000000000             2
    0.26530612244898    0.00000000000000    0.00000000000000             2
    0.00000000000000    0.26530612244898    0.00000000000000             2
   -0.26530612244898    0.26530612244898    0.00000000000000             2
    0.28571428571428    0.00000000000000    0.00000000000000             2
    0.00000000000000    0.28571428571428    0.00000000000000             2
   -0.28571428571428    0.28571428571428    0.00000000000000             2
    0.30612244897959   -0.00000000000000    0.00000000000000             2
   -0.00000000000000    0.30612244897959    0.00000000000000             2
   -0.30612244897959    0.30612244897959    0.00000000000000             2
    0.32653061224489    0.00000000000000    0.00000000000000             2
    0.00000000000000    0.32653061224489    0.00000000000000             2
   -0.32653061224489    0.32653061224489    0.00000000000000             2
    0.34693877551020   -0.00000000000000    0.00000000000000             2
    0.00000000000000    0.34693877551020    0.00000000000000             2
   -0.34693877551020    0.34693877551020    0.00000000000000             2
    0.36734693877551    0.00000000000000    0.00000000000000             2
    0.00000000000000    0.36734693877551    0.00000000000000             2
   -0.36734693877551    0.36734693877551    0.00000000000000             2
    0.38775510204081   -0.00000000000000    0.00000000000000             2
   -0.00000000000000    0.38775510204081    0.00000000000000             2
   -0.38775510204081    0.38775510204081    0.00000000000000             2
    0.40816326530612    0.00000000000000    0.00000000000000             2
   -0.00000000000000    0.40816326530612    0.00000000000000             2
   -0.40816326530612    0.40816326530612    0.00000000000000             2
    0.42857142857143    0.00000000000000    0.00000000000000             2
   -0.00000000000000    0.42857142857143    0.00000000000000             2
   -0.42857142857143    0.42857142857143    0.00000000000000             2
    0.44897959183673    0.00000000000000    0.00000000000000             2
   -0.00000000000000    0.44897959183673    0.00000000000000             2
   -0.44897959183673    0.44897959183673    0.00000000000000             2
    0.46938775510204    0.00000000000000    0.00000000000000             2
   -0.00000000000000    0.46938775510204    0.00000000000000             2
   -0.46938775510204    0.46938775510204    0.00000000000000             2
    0.48979591836735    0.00000000000000    0.00000000000000             2
    0.00000000000000    0.48979591836735    0.00000000000000             2
   -0.48979591836735    0.48979591836735    0.00000000000000             2
    0.02040816326531    0.02040816326531    0.00000000000000             2
   -0.02040816326531    0.04081632653062    0.00000000000000             2
   -0.04081632653062    0.02040816326531    0.00000000000000             2
    0.04081632653061    0.02040816326531    0.00000000000000             2
   -0.02040816326531    0.06122448979592    0.00000000000000             2
   -0.06122448979592    0.04081632653061    0.00000000000000             2
   -0.04081632653061    0.06122448979592    0.00000000000000             2
    0.02040816326531    0.04081632653061    0.00000000000000             2
    0.06122448979592   -0.02040816326531    0.00000000000000             2
    0.06122448979592    0.02040816326531    0.00000000000000             2
   -0.02040816326531    0.08163265306123    0.00000000000000             2
   -0.08163265306123    0.06122448979592    0.00000000000000             2
   -0.06122448979592    0.08163265306123    0.00000000000000             2
    0.02040816326531    0.06122448979592    0.00000000000000             2
    0.08163265306123   -0.02040816326531    0.00000000000000             2
    0.08163265306123    0.02040816326531    0.00000000000000             2
   -0.02040816326531    0.10204081632654    0.00000000000000             2
   -0.10204081632654    0.08163265306123    0.00000000000000             2
   -0.08163265306123    0.10204081632654    0.00000000000000             2
    0.02040816326531    0.08163265306123    0.00000000000000             2
    0.10204081632654   -0.02040816326531    0.00000000000000             2
    0.10204081632653    0.02040816326531    0.00000000000000             2
   -0.02040816326531    0.12244897959184    0.00000000000000             2
   -0.12244897959184    0.10204081632653    0.00000000000000             2
   -0.10204081632653    0.12244897959184    0.00000000000000             2
    0.02040816326531    0.10204081632653    0.00000000000000             2
    0.12244897959184   -0.02040816326531    0.00000000000000             2
    0.12244897959184    0.02040816326531    0.00000000000000             2
   -0.02040816326531    0.14285714285715    0.00000000000000             2
   -0.14285714285715    0.12244897959184    0.00000000000000             2
   -0.12244897959184    0.14285714285715    0.00000000000000             2
    0.02040816326531    0.12244897959184    0.00000000000000             2
    0.14285714285715   -0.02040816326531    0.00000000000000             2
    0.14285714285715    0.02040816326531    0.00000000000000             2
   -0.02040816326531    0.16326530612245    0.00000000000000             2
   -0.16326530612245    0.14285714285715    0.00000000000000             2
   -0.14285714285715    0.16326530612245    0.00000000000000             2
    0.02040816326531    0.14285714285715    0.00000000000000             2
    0.16326530612245   -0.02040816326531    0.00000000000000             2
    0.16326530612245    0.02040816326531    0.00000000000000             2
   -0.02040816326531    0.18367346938776    0.00000000000000             2
   -0.18367346938776    0.16326530612245    0.00000000000000             2
   -0.16326530612245    0.18367346938776    0.00000000000000             2
    0.02040816326531    0.16326530612245    0.00000000000000             2
    0.18367346938776   -0.02040816326531    0.00000000000000             2
    0.18367346938776    0.02040816326531    0.00000000000000             2
   -0.02040816326531    0.20408163265306    0.00000000000000             2
   -0.20408163265306    0.18367346938776    0.00000000000000             2
   -0.18367346938776    0.20408163265306    0.00000000000000             2
    0.02040816326531    0.18367346938776    0.00000000000000             2
    0.20408163265306   -0.02040816326531    0.00000000000000             2
    0.20408163265306    0.02040816326531    0.00000000000000             2
   -0.02040816326531    0.22448979591837    0.00000000000000             2
   -0.22448979591837    0.20408163265306    0.00000000000000             2
   -0.20408163265306    0.22448979591837    0.00000000000000             2
    0.02040816326531    0.20408163265306    0.00000000000000             2
    0.22448979591837   -0.02040816326531    0.00000000000000             2
    0.22448979591837    0.02040816326531    0.00000000000000             2
   -0.02040816326531    0.24489795918367    0.00000000000000             2
   -0.24489795918367    0.22448979591837    0.00000000000000             2
   -0.22448979591837    0.24489795918367    0.00000000000000             2
    0.02040816326531    0.22448979591837    0.00000000000000             2
    0.24489795918367   -0.02040816326531    0.00000000000000             2
    0.24489795918367    0.02040816326531    0.00000000000000             2
   -0.02040816326531    0.26530612244898    0.00000000000000             2
   -0.26530612244898    0.24489795918367    0.00000000000000             2
   -0.24489795918367    0.26530612244898    0.00000000000000             2
    0.02040816326531    0.24489795918367    0.00000000000000             2
    0.26530612244898   -0.02040816326531    0.00000000000000             2
    0.26530612244898    0.02040816326531    0.00000000000000             2
   -0.02040816326531    0.28571428571428    0.00000000000000             2
   -0.28571428571428    0.26530612244898    0.00000000000000             2
   -0.26530612244898    0.28571428571428    0.00000000000000             2
    0.02040816326531    0.26530612244898    0.00000000000000             2
    0.28571428571428   -0.02040816326531    0.00000000000000             2
    0.28571428571428    0.02040816326531    0.00000000000000             2
   -0.02040816326531    0.30612244897959    0.00000000000000             2
   -0.30612244897959    0.28571428571428    0.00000000000000             2
   -0.28571428571428    0.30612244897959    0.00000000000000             2
    0.02040816326531    0.28571428571428    0.00000000000000             2
    0.30612244897959   -0.02040816326531    0.00000000000000             2
    0.30612244897959    0.02040816326531    0.00000000000000             2
   -0.02040816326531    0.32653061224490    0.00000000000000             2
   -0.32653061224490    0.30612244897959    0.00000000000000             2
   -0.30612244897959    0.32653061224490    0.00000000000000             2
    0.02040816326531    0.30612244897959    0.00000000000000             2
    0.32653061224490   -0.02040816326531    0.00000000000000             2
    0.32653061224489    0.02040816326531    0.00000000000000             2
   -0.02040816326531    0.34693877551020    0.00000000000000             2
   -0.34693877551020    0.32653061224489    0.00000000000000             2
   -0.32653061224489    0.34693877551020    0.00000000000000             2
    0.02040816326531    0.32653061224489    0.00000000000000             2
    0.34693877551020   -0.02040816326531    0.00000000000000             2
    0.34693877551020    0.02040816326531    0.00000000000000             2
   -0.02040816326531    0.36734693877551    0.00000000000000             2
   -0.36734693877551    0.34693877551020    0.00000000000000             2
   -0.34693877551020    0.36734693877551    0.00000000000000             2
    0.02040816326531    0.34693877551020    0.00000000000000             2
    0.36734693877551   -0.02040816326531    0.00000000000000             2
    0.36734693877551    0.02040816326531    0.00000000000000             2
   -0.02040816326531    0.38775510204082    0.00000000000000             2
   -0.38775510204082    0.36734693877551    0.00000000000000             2
   -0.36734693877551    0.38775510204082    0.00000000000000             2
    0.02040816326531    0.36734693877551    0.00000000000000             2
    0.38775510204082   -0.02040816326531    0.00000000000000             2
    0.38775510204081    0.02040816326531    0.00000000000000             2
   -0.02040816326531    0.40816326530612    0.00000000000000             2
   -0.40816326530612    0.38775510204081    0.00000000000000             2
   -0.38775510204081    0.40816326530612    0.00000000000000             2
    0.02040816326531    0.38775510204081    0.00000000000000             2
    0.40816326530612   -0.02040816326531    0.00000000000000             2
    0.40816326530612    0.02040816326531    0.00000000000000             2
   -0.02040816326531    0.42857142857143    0.00000000000000             2
   -0.42857142857143    0.40816326530612    0.00000000000000             2
   -0.40816326530612    0.42857142857143    0.00000000000000             2
    0.02040816326531    0.40816326530612    0.00000000000000             2
    0.42857142857143   -0.02040816326531    0.00000000000000             2
    0.42857142857143    0.02040816326531    0.00000000000000             2
   -0.02040816326531    0.44897959183674    0.00000000000000             2
   -0.44897959183674    0.42857142857143    0.00000000000000             2
   -0.42857142857143    0.44897959183674    0.00000000000000             2
    0.02040816326531    0.42857142857143    0.00000000000000             2
    0.44897959183674   -0.02040816326531    0.00000000000000             2
    0.44897959183673    0.02040816326531    0.00000000000000             2
   -0.02040816326531    0.46938775510204    0.00000000000000             2
   -0.46938775510204    0.44897959183673    0.00000000000000             2
   -0.44897959183673    0.46938775510204    0.00000000000000             2
    0.02040816326531    0.44897959183673    0.00000000000000             2
    0.46938775510204   -0.02040816326531    0.00000000000000             2
    0.46938775510204    0.02040816326531    0.00000000000000             2
   -0.02040816326531    0.48979591836735    0.00000000000000             2
   -0.48979591836735    0.46938775510204    0.00000000000000             2
   -0.46938775510204    0.48979591836735    0.00000000000000             2
    0.02040816326531    0.46938775510204    0.00000000000000             2
    0.48979591836735   -0.02040816326531    0.00000000000000             2
    0.48979591836735    0.02040816326531    0.00000000000000             2
   -0.02040816326531   -0.48979591836734    0.00000000000000             2
    0.48979591836734    0.48979591836735    0.00000000000000             2
    0.04081632653061    0.04081632653061    0.00000000000000             2
   -0.04081632653061    0.08163265306122    0.00000000000000             2
   -0.08163265306122    0.04081632653061    0.00000000000000             2
    0.06122448979592    0.04081632653061    0.00000000000000             2
   -0.04081632653061    0.10204081632653    0.00000000000000             2
   -0.10204081632653    0.06122448979592    0.00000000000000             2
   -0.06122448979592    0.10204081632653    0.00000000000000             2
    0.04081632653061    0.06122448979592    0.00000000000000             2
    0.10204081632653   -0.04081632653061    0.00000000000000             2
    0.08163265306123    0.04081632653061    0.00000000000000             2
   -0.04081632653061    0.12244897959184    0.00000000000000             2
   -0.12244897959184    0.08163265306123    0.00000000000000             2
   -0.08163265306123    0.12244897959184    0.00000000000000             2
    0.04081632653061    0.08163265306123    0.00000000000000             2
    0.12244897959184   -0.04081632653061    0.00000000000000             2
    0.10204081632653    0.04081632653061    0.00000000000000             2
   -0.04081632653061    0.14285714285714    0.00000000000000             2
   -0.14285714285714    0.10204081632653    0.00000000000000             2
   -0.10204081632653    0.14285714285714    0.00000000000000             2
    0.04081632653061    0.10204081632653    0.00000000000000             2
    0.14285714285714   -0.04081632653061    0.00000000000000             2
    0.12244897959184    0.04081632653061    0.00000000000000             2
   -0.04081632653061    0.16326530612245    0.00000000000000             2
   -0.16326530612245    0.12244897959184    0.00000000000000             2
   -0.12244897959184    0.16326530612245    0.00000000000000             2
    0.04081632653061    0.12244897959184    0.00000000000000             2
    0.16326530612245   -0.04081632653061    0.00000000000000             2
    0.14285714285715    0.04081632653061    0.00000000000000             2
   -0.04081632653061    0.18367346938776    0.00000000000000             2
   -0.18367346938776    0.14285714285715    0.00000000000000             2
   -0.14285714285715    0.18367346938776    0.00000000000000             2
    0.04081632653061    0.14285714285715    0.00000000000000             2
    0.18367346938776   -0.04081632653061    0.00000000000000             2
    0.16326530612245    0.04081632653061    0.00000000000000             2
   -0.04081632653061    0.20408163265306    0.00000000000000             2
   -0.20408163265306    0.16326530612245    0.00000000000000             2
   -0.16326530612245    0.20408163265306    0.00000000000000             2
    0.04081632653061    0.16326530612245    0.00000000000000             2
    0.20408163265306   -0.04081632653061    0.00000000000000             2
    0.18367346938776    0.04081632653061    0.00000000000000             2
   -0.04081632653061    0.22448979591837    0.00000000000000             2
   -0.22448979591837    0.18367346938776    0.00000000000000             2
   -0.18367346938776    0.22448979591837    0.00000000000000             2
    0.04081632653061    0.18367346938776    0.00000000000000             2
    0.22448979591837   -0.04081632653061    0.00000000000000             2
    0.20408163265306    0.04081632653061    0.00000000000000             2
   -0.04081632653061    0.24489795918367    0.00000000000000             2
   -0.24489795918367    0.20408163265306    0.00000000000000             2
   -0.20408163265306    0.24489795918367    0.00000000000000             2
    0.04081632653061    0.20408163265306    0.00000000000000             2
    0.24489795918367   -0.04081632653061    0.00000000000000             2
    0.22448979591837    0.04081632653061    0.00000000000000             2
   -0.04081632653061    0.26530612244898    0.00000000000000             2
   -0.26530612244898    0.22448979591837    0.00000000000000             2
   -0.22448979591837    0.26530612244898    0.00000000000000             2
    0.04081632653061    0.22448979591837    0.00000000000000             2
    0.26530612244898   -0.04081632653061    0.00000000000000             2
    0.24489795918367    0.04081632653061    0.00000000000000             2
   -0.04081632653061    0.28571428571428    0.00000000000000             2
   -0.28571428571428    0.24489795918367    0.00000000000000             2
   -0.24489795918367    0.28571428571428    0.00000000000000             2
    0.04081632653061    0.24489795918367    0.00000000000000             2
    0.28571428571428   -0.04081632653061    0.00000000000000             2
    0.26530612244898    0.04081632653061    0.00000000000000             2
   -0.04081632653061    0.30612244897959    0.00000000000000             2
   -0.30612244897959    0.26530612244898    0.00000000000000             2
   -0.26530612244898    0.30612244897959    0.00000000000000             2
    0.04081632653061    0.26530612244898    0.00000000000000             2
    0.30612244897959   -0.04081632653061    0.00000000000000             2
    0.28571428571428    0.04081632653061    0.00000000000000             2
   -0.04081632653061    0.32653061224489    0.00000000000000             2
   -0.32653061224489    0.28571428571428    0.00000000000000             2
   -0.28571428571428    0.32653061224489    0.00000000000000             2
    0.04081632653061    0.28571428571428    0.00000000000000             2
    0.32653061224489   -0.04081632653061    0.00000000000000             2
    0.30612244897959    0.04081632653061    0.00000000000000             2
   -0.04081632653061    0.34693877551020    0.00000000000000             2
   -0.34693877551020    0.30612244897959    0.00000000000000             2
   -0.30612244897959    0.34693877551020    0.00000000000000             2
    0.04081632653061    0.30612244897959    0.00000000000000             2
    0.34693877551020   -0.04081632653061    0.00000000000000             2
    0.32653061224489    0.04081632653061    0.00000000000000             2
   -0.04081632653061    0.36734693877550    0.00000000000000             2
   -0.36734693877550    0.32653061224489    0.00000000000000             2
   -0.32653061224489    0.36734693877550    0.00000000000000             2
    0.04081632653061    0.32653061224489    0.00000000000000             2
    0.36734693877550   -0.04081632653061    0.00000000000000             2
    0.34693877551020    0.04081632653061    0.00000000000000             2
   -0.04081632653061    0.38775510204081    0.00000000000000             2
   -0.38775510204081    0.34693877551020    0.00000000000000             2
   -0.34693877551020    0.38775510204081    0.00000000000000             2
    0.04081632653061    0.34693877551020    0.00000000000000             2
    0.38775510204081   -0.04081632653061    0.00000000000000             2
    0.36734693877551    0.04081632653061    0.00000000000000             2
   -0.04081632653061    0.40816326530612    0.00000000000000             2
   -0.40816326530612    0.36734693877551    0.00000000000000             2
   -0.36734693877551    0.40816326530612    0.00000000000000             2
    0.04081632653061    0.36734693877551    0.00000000000000             2
    0.40816326530612   -0.04081632653061    0.00000000000000             2
    0.38775510204081    0.04081632653061    0.00000000000000             2
   -0.04081632653061    0.42857142857142    0.00000000000000             2
   -0.42857142857142    0.38775510204081    0.00000000000000             2
   -0.38775510204081    0.42857142857142    0.00000000000000             2
    0.04081632653061    0.38775510204081    0.00000000000000             2
    0.42857142857142   -0.04081632653061    0.00000000000000             2
    0.40816326530612    0.04081632653061    0.00000000000000             2
   -0.04081632653061    0.44897959183673    0.00000000000000             2
   -0.44897959183673    0.40816326530612    0.00000000000000             2
   -0.40816326530612    0.44897959183673    0.00000000000000             2
    0.04081632653061    0.40816326530612    0.00000000000000             2
    0.44897959183673   -0.04081632653061    0.00000000000000             2
    0.42857142857143    0.04081632653061    0.00000000000000             2
   -0.04081632653061    0.46938775510204    0.00000000000000             2
   -0.46938775510204    0.42857142857143    0.00000000000000             2
   -0.42857142857143    0.46938775510204    0.00000000000000             2
    0.04081632653061    0.42857142857143    0.00000000000000             2
    0.46938775510204   -0.04081632653061    0.00000000000000             2
    0.44897959183673    0.04081632653061    0.00000000000000             2
   -0.04081632653061    0.48979591836734    0.00000000000000             2
   -0.48979591836734    0.44897959183673    0.00000000000000             2
   -0.44897959183673    0.48979591836734    0.00000000000000             2
    0.04081632653061    0.44897959183673    0.00000000000000             2
    0.48979591836734   -0.04081632653061    0.00000000000000             2
    0.46938775510204    0.04081632653061    0.00000000000000             2
   -0.04081632653061   -0.48979591836735    0.00000000000000             2
    0.48979591836735    0.46938775510204    0.00000000000000             2
   -0.46938775510204   -0.48979591836735    0.00000000000000             2
    0.04081632653061    0.46938775510204    0.00000000000000             2
   -0.48979591836735   -0.04081632653061    0.00000000000000             2
    0.06122448979592    0.06122448979592    0.00000000000000             2
   -0.06122448979592    0.12244897959184    0.00000000000000             2
   -0.12244897959184    0.06122448979592    0.00000000000000             2
    0.08163265306123    0.06122448979592    0.00000000000000             2
   -0.06122448979592    0.14285714285715    0.00000000000000             2
   -0.14285714285715    0.08163265306123    0.00000000000000             2
   -0.08163265306123    0.14285714285715    0.00000000000000             2
    0.06122448979592    0.08163265306123    0.00000000000000             2
    0.14285714285715   -0.06122448979592    0.00000000000000             2
    0.10204081632653    0.06122448979592    0.00000000000000             2
   -0.06122448979592    0.16326530612245    0.00000000000000             2
   -0.16326530612245    0.10204081632653    0.00000000000000             2
   -0.10204081632653    0.16326530612245    0.00000000000000             2
    0.06122448979592    0.10204081632653    0.00000000000000             2
    0.16326530612245   -0.06122448979592    0.00000000000000             2
    0.12244897959184    0.06122448979592    0.00000000000000             2
   -0.06122448979592    0.18367346938776    0.00000000000000             2
   -0.18367346938776    0.12244897959184    0.00000000000000             2
   -0.12244897959184    0.18367346938776    0.00000000000000             2
    0.06122448979592    0.12244897959184    0.00000000000000             2
    0.18367346938776   -0.06122448979592    0.00000000000000             2
    0.14285714285715    0.06122448979592    0.00000000000000             2
   -0.06122448979592    0.20408163265306    0.00000000000000             2
   -0.20408163265306    0.14285714285715    0.00000000000000             2
   -0.14285714285715    0.20408163265306    0.00000000000000             2
    0.06122448979592    0.14285714285715    0.00000000000000             2
    0.20408163265306   -0.06122448979592    0.00000000000000             2
    0.16326530612245    0.06122448979592    0.00000000000000             2
   -0.06122448979592    0.22448979591837    0.00000000000000             2
   -0.22448979591837    0.16326530612245    0.00000000000000             2
   -0.16326530612245    0.22448979591837    0.00000000000000             2
    0.06122448979592    0.16326530612245    0.00000000000000             2
    0.22448979591837   -0.06122448979592    0.00000000000000             2
    0.18367346938776    0.06122448979592    0.00000000000000             2
   -0.06122448979592    0.24489795918367    0.00000000000000             2
   -0.24489795918367    0.18367346938776    0.00000000000000             2
   -0.18367346938776    0.24489795918367    0.00000000000000             2
    0.06122448979592    0.18367346938776    0.00000000000000             2
    0.24489795918367   -0.06122448979592    0.00000000000000             2
    0.20408163265306    0.06122448979592    0.00000000000000             2
   -0.06122448979592    0.26530612244898    0.00000000000000             2
   -0.26530612244898    0.20408163265306    0.00000000000000             2
   -0.20408163265306    0.26530612244898    0.00000000000000             2
    0.06122448979592    0.20408163265306    0.00000000000000             2
    0.26530612244898   -0.06122448979592    0.00000000000000             2
    0.22448979591837    0.06122448979592    0.00000000000000             2
   -0.06122448979592    0.28571428571428    0.00000000000000             2
   -0.28571428571428    0.22448979591837    0.00000000000000             2
   -0.22448979591837    0.28571428571428    0.00000000000000             2
    0.06122448979592    0.22448979591837    0.00000000000000             2
    0.28571428571428   -0.06122448979592    0.00000000000000             2
    0.24489795918367    0.06122448979592    0.00000000000000             2
   -0.06122448979592    0.30612244897959    0.00000000000000             2
   -0.30612244897959    0.24489795918367    0.00000000000000             2
   -0.24489795918367    0.30612244897959    0.00000000000000             2
    0.06122448979592    0.24489795918367    0.00000000000000             2
    0.30612244897959   -0.06122448979592    0.00000000000000             2
    0.26530612244898    0.06122448979592    0.00000000000000             2
   -0.06122448979592    0.32653061224489    0.00000000000000             2
   -0.32653061224489    0.26530612244898    0.00000000000000             2
   -0.26530612244898    0.32653061224489    0.00000000000000             2
    0.06122448979592    0.26530612244898    0.00000000000000             2
    0.32653061224489   -0.06122448979592    0.00000000000000             2
    0.28571428571428    0.06122448979592    0.00000000000000             2
   -0.06122448979592    0.34693877551020    0.00000000000000             2
   -0.34693877551020    0.28571428571428    0.00000000000000             2
   -0.28571428571428    0.34693877551020    0.00000000000000             2
    0.06122448979592    0.28571428571428    0.00000000000000             2
    0.34693877551020   -0.06122448979592    0.00000000000000             2
    0.30612244897959    0.06122448979592    0.00000000000000             2
   -0.06122448979592    0.36734693877551    0.00000000000000             2
   -0.36734693877551    0.30612244897959    0.00000000000000             2
   -0.30612244897959    0.36734693877551    0.00000000000000             2
    0.06122448979592    0.30612244897959    0.00000000000000             2
    0.36734693877551   -0.06122448979592    0.00000000000000             2
    0.32653061224489    0.06122448979592    0.00000000000000             2
   -0.06122448979592    0.38775510204081    0.00000000000000             2
   -0.38775510204081    0.32653061224489    0.00000000000000             2
   -0.32653061224489    0.38775510204081    0.00000000000000             2
    0.06122448979592    0.32653061224489    0.00000000000000             2
    0.38775510204081   -0.06122448979592    0.00000000000000             2
    0.34693877551020    0.06122448979592    0.00000000000000             2
   -0.06122448979592    0.40816326530612    0.00000000000000             2
   -0.40816326530612    0.34693877551020    0.00000000000000             2
   -0.34693877551020    0.40816326530612    0.00000000000000             2
    0.06122448979592    0.34693877551020    0.00000000000000             2
    0.40816326530612   -0.06122448979592    0.00000000000000             2
    0.36734693877551    0.06122448979592    0.00000000000000             2
   -0.06122448979592    0.42857142857143    0.00000000000000             2
   -0.42857142857143    0.36734693877551    0.00000000000000             2
   -0.36734693877551    0.42857142857143    0.00000000000000             2
    0.06122448979592    0.36734693877551    0.00000000000000             2
    0.42857142857143   -0.06122448979592    0.00000000000000             2
    0.38775510204081    0.06122448979592    0.00000000000000             2
   -0.06122448979592    0.44897959183673    0.00000000000000             2
   -0.44897959183673    0.38775510204081    0.00000000000000             2
   -0.38775510204081    0.44897959183673    0.00000000000000             2
    0.06122448979592    0.38775510204081    0.00000000000000             2
    0.44897959183673   -0.06122448979592    0.00000000000000             2
    0.40816326530612    0.06122448979592    0.00000000000000             2
   -0.06122448979592    0.46938775510204    0.00000000000000             2
   -0.46938775510204    0.40816326530612    0.00000000000000             2
   -0.40816326530612    0.46938775510204    0.00000000000000             2
    0.06122448979592    0.40816326530612    0.00000000000000             2
    0.46938775510204   -0.06122448979592    0.00000000000000             2
    0.42857142857143    0.06122448979592    0.00000000000000             2
   -0.06122448979592    0.48979591836735    0.00000000000000             2
   -0.48979591836735    0.42857142857143    0.00000000000000             2
   -0.42857142857143    0.48979591836735    0.00000000000000             2
    0.06122448979592    0.42857142857143    0.00000000000000             2
    0.48979591836735   -0.06122448979592    0.00000000000000             2
    0.44897959183673    0.06122448979592    0.00000000000000             2
   -0.06122448979592   -0.48979591836735    0.00000000000000             2
    0.48979591836735    0.44897959183673    0.00000000000000             2
   -0.44897959183673   -0.48979591836735    0.00000000000000             2
    0.06122448979592    0.44897959183673    0.00000000000000             2
   -0.48979591836735   -0.06122448979592    0.00000000000000             2
    0.46938775510204    0.06122448979592    0.00000000000000             2
   -0.06122448979592   -0.46938775510204    0.00000000000000             2
    0.46938775510204    0.46938775510204    0.00000000000000             2
    0.08163265306123    0.08163265306123    0.00000000000000             2
   -0.08163265306123    0.16326530612245    0.00000000000000             2
   -0.16326530612245    0.08163265306123    0.00000000000000             2
    0.10204081632653    0.08163265306123    0.00000000000000             2
   -0.08163265306123    0.18367346938776    0.00000000000000             2
   -0.18367346938776    0.10204081632653    0.00000000000000             2
   -0.10204081632653    0.18367346938776    0.00000000000000             2
    0.08163265306123    0.10204081632653    0.00000000000000             2
    0.18367346938776   -0.08163265306123    0.00000000000000             2
    0.12244897959184    0.08163265306123    0.00000000000000             2
   -0.08163265306123    0.20408163265306    0.00000000000000             2
   -0.20408163265306    0.12244897959184    0.00000000000000             2
   -0.12244897959184    0.20408163265306    0.00000000000000             2
    0.08163265306123    0.12244897959184    0.00000000000000             2
    0.20408163265306   -0.08163265306123    0.00000000000000             2
    0.14285714285715    0.08163265306123    0.00000000000000             2
   -0.08163265306123    0.22448979591837    0.00000000000000             2
   -0.22448979591837    0.14285714285715    0.00000000000000             2
   -0.14285714285715    0.22448979591837    0.00000000000000             2
    0.08163265306123    0.14285714285715    0.00000000000000             2
    0.22448979591837   -0.08163265306123    0.00000000000000             2
    0.16326530612245    0.08163265306123    0.00000000000000             2
   -0.08163265306123    0.24489795918367    0.00000000000000             2
   -0.24489795918367    0.16326530612245    0.00000000000000             2
   -0.16326530612245    0.24489795918367    0.00000000000000             2
    0.08163265306123    0.16326530612245    0.00000000000000             2
    0.24489795918367   -0.08163265306123    0.00000000000000             2
    0.18367346938776    0.08163265306123    0.00000000000000             2
   -0.08163265306123    0.26530612244898    0.00000000000000             2
   -0.26530612244898    0.18367346938776    0.00000000000000             2
   -0.18367346938776    0.26530612244898    0.00000000000000             2
    0.08163265306123    0.18367346938776    0.00000000000000             2
    0.26530612244898   -0.08163265306123    0.00000000000000             2
    0.20408163265306    0.08163265306123    0.00000000000000             2
   -0.08163265306123    0.28571428571429    0.00000000000000             2
   -0.28571428571429    0.20408163265306    0.00000000000000             2
   -0.20408163265306    0.28571428571429    0.00000000000000             2
    0.08163265306123    0.20408163265306    0.00000000000000             2
    0.28571428571429   -0.08163265306123    0.00000000000000             2
    0.22448979591837    0.08163265306123    0.00000000000000             2
   -0.08163265306123    0.30612244897959    0.00000000000000             2
   -0.30612244897959    0.22448979591837    0.00000000000000             2
   -0.22448979591837    0.30612244897959    0.00000000000000             2
    0.08163265306123    0.22448979591837    0.00000000000000             2
    0.30612244897959   -0.08163265306123    0.00000000000000             2
    0.24489795918367    0.08163265306123    0.00000000000000             2
   -0.08163265306123    0.32653061224490    0.00000000000000             2
   -0.32653061224490    0.24489795918367    0.00000000000000             2
   -0.24489795918367    0.32653061224490    0.00000000000000             2
    0.08163265306123    0.24489795918367    0.00000000000000             2
    0.32653061224490   -0.08163265306123    0.00000000000000             2
    0.26530612244898    0.08163265306123    0.00000000000000             2
   -0.08163265306123    0.34693877551020    0.00000000000000             2
   -0.34693877551020    0.26530612244898    0.00000000000000             2
   -0.26530612244898    0.34693877551020    0.00000000000000             2
    0.08163265306123    0.26530612244898    0.00000000000000             2
    0.34693877551020   -0.08163265306123    0.00000000000000             2
    0.28571428571428    0.08163265306123    0.00000000000000             2
   -0.08163265306123    0.36734693877551    0.00000000000000             2
   -0.36734693877551    0.28571428571428    0.00000000000000             2
   -0.28571428571428    0.36734693877551    0.00000000000000             2
    0.08163265306123    0.28571428571428    0.00000000000000             2
    0.36734693877551   -0.08163265306123    0.00000000000000             2
    0.30612244897959    0.08163265306123    0.00000000000000             2
   -0.08163265306123    0.38775510204082    0.00000000000000             2
   -0.38775510204082    0.30612244897959    0.00000000000000             2
   -0.30612244897959    0.38775510204082    0.00000000000000             2
    0.08163265306123    0.30612244897959    0.00000000000000             2
    0.38775510204082   -0.08163265306123    0.00000000000000             2
    0.32653061224489    0.08163265306123    0.00000000000000             2
   -0.08163265306123    0.40816326530612    0.00000000000000             2
   -0.40816326530612    0.32653061224489    0.00000000000000             2
   -0.32653061224489    0.40816326530612    0.00000000000000             2
    0.08163265306123    0.32653061224489    0.00000000000000             2
    0.40816326530612   -0.08163265306123    0.00000000000000             2
    0.34693877551020    0.08163265306123    0.00000000000000             2
   -0.08163265306123    0.42857142857143    0.00000000000000             2
   -0.42857142857143    0.34693877551020    0.00000000000000             2
   -0.34693877551020    0.42857142857143    0.00000000000000             2
    0.08163265306123    0.34693877551020    0.00000000000000             2
    0.42857142857143   -0.08163265306123    0.00000000000000             2
    0.36734693877551    0.08163265306123    0.00000000000000             2
   -0.08163265306123    0.44897959183674    0.00000000000000             2
   -0.44897959183674    0.36734693877551    0.00000000000000             2
   -0.36734693877551    0.44897959183674    0.00000000000000             2
    0.08163265306123    0.36734693877551    0.00000000000000             2
    0.44897959183674   -0.08163265306123    0.00000000000000             2
    0.38775510204081    0.08163265306123    0.00000000000000             2
   -0.08163265306123    0.46938775510204    0.00000000000000             2
   -0.46938775510204    0.38775510204081    0.00000000000000             2
   -0.38775510204081    0.46938775510204    0.00000000000000             2
    0.08163265306123    0.38775510204081    0.00000000000000             2
    0.46938775510204   -0.08163265306123    0.00000000000000             2
    0.40816326530612    0.08163265306123    0.00000000000000             2
   -0.08163265306123    0.48979591836735    0.00000000000000             2
   -0.48979591836735    0.40816326530612    0.00000000000000             2
   -0.40816326530612    0.48979591836735    0.00000000000000             2
    0.08163265306123    0.40816326530612    0.00000000000000             2
    0.48979591836735   -0.08163265306123    0.00000000000000             2
    0.42857142857143    0.08163265306123    0.00000000000000             2
   -0.08163265306123   -0.48979591836734    0.00000000000000             2
    0.48979591836734    0.42857142857143    0.00000000000000             2
   -0.42857142857143   -0.48979591836734    0.00000000000000             2
    0.08163265306123    0.42857142857143    0.00000000000000             2
   -0.48979591836734   -0.08163265306123    0.00000000000000             2
    0.44897959183673    0.08163265306123    0.00000000000000             2
   -0.08163265306123   -0.46938775510204    0.00000000000000             2
    0.46938775510204    0.44897959183673    0.00000000000000             2
   -0.44897959183673   -0.46938775510204    0.00000000000000             2
    0.08163265306123    0.44897959183673    0.00000000000000             2
   -0.46938775510204   -0.08163265306123    0.00000000000000             2
    0.10204081632653    0.10204081632653    0.00000000000000             2
   -0.10204081632653    0.20408163265306    0.00000000000000             2
   -0.20408163265306    0.10204081632653    0.00000000000000             2
    0.12244897959184    0.10204081632653    0.00000000000000             2
   -0.10204081632653    0.22448979591837    0.00000000000000             2
   -0.22448979591837    0.12244897959184    0.00000000000000             2
   -0.12244897959184    0.22448979591837    0.00000000000000             2
    0.10204081632653    0.12244897959184    0.00000000000000             2
    0.22448979591837   -0.10204081632653    0.00000000000000             2
    0.14285714285715    0.10204081632653    0.00000000000000             2
   -0.10204081632653    0.24489795918367    0.00000000000000             2
   -0.24489795918367    0.14285714285715    0.00000000000000             2
   -0.14285714285715    0.24489795918367    0.00000000000000             2
    0.10204081632653    0.14285714285715    0.00000000000000             2
    0.24489795918367   -0.10204081632653    0.00000000000000             2
    0.16326530612245    0.10204081632653    0.00000000000000             2
   -0.10204081632653    0.26530612244898    0.00000000000000             2
   -0.26530612244898    0.16326530612245    0.00000000000000             2
   -0.16326530612245    0.26530612244898    0.00000000000000             2
    0.10204081632653    0.16326530612245    0.00000000000000             2
    0.26530612244898   -0.10204081632653    0.00000000000000             2
    0.18367346938776    0.10204081632653    0.00000000000000             2
   -0.10204081632653    0.28571428571428    0.00000000000000             2
   -0.28571428571428    0.18367346938776    0.00000000000000             2
   -0.18367346938776    0.28571428571428    0.00000000000000             2
    0.10204081632653    0.18367346938776    0.00000000000000             2
    0.28571428571428   -0.10204081632653    0.00000000000000             2
    0.20408163265306    0.10204081632653    0.00000000000000             2
   -0.10204081632653    0.30612244897959    0.00000000000000             2
   -0.30612244897959    0.20408163265306    0.00000000000000             2
   -0.20408163265306    0.30612244897959    0.00000000000000             2
    0.10204081632653    0.20408163265306    0.00000000000000             2
    0.30612244897959   -0.10204081632653    0.00000000000000             2
    0.22448979591837    0.10204081632653    0.00000000000000             2
   -0.10204081632653    0.32653061224489    0.00000000000000             2
   -0.32653061224489    0.22448979591837    0.00000000000000             2
   -0.22448979591837    0.32653061224489    0.00000000000000             2
    0.10204081632653    0.22448979591837    0.00000000000000             2
    0.32653061224489   -0.10204081632653    0.00000000000000             2
    0.24489795918367    0.10204081632653    0.00000000000000             2
   -0.10204081632653    0.34693877551020    0.00000000000000             2
   -0.34693877551020    0.24489795918367    0.00000000000000             2
   -0.24489795918367    0.34693877551020    0.00000000000000             2
    0.10204081632653    0.24489795918367    0.00000000000000             2
    0.34693877551020   -0.10204081632653    0.00000000000000             2
    0.26530612244898    0.10204081632653    0.00000000000000             2
   -0.10204081632653    0.36734693877550    0.00000000000000             2
   -0.36734693877550    0.26530612244898    0.00000000000000             2
   -0.26530612244898    0.36734693877550    0.00000000000000             2
    0.10204081632653    0.26530612244898    0.00000000000000             2
    0.36734693877550   -0.10204081632653    0.00000000000000             2
    0.28571428571428    0.10204081632653    0.00000000000000             2
   -0.10204081632653    0.38775510204081    0.00000000000000             2
   -0.38775510204081    0.28571428571428    0.00000000000000             2
   -0.28571428571428    0.38775510204081    0.00000000000000             2
    0.10204081632653    0.28571428571428    0.00000000000000             2
    0.38775510204081   -0.10204081632653    0.00000000000000             2
    0.30612244897959    0.10204081632653    0.00000000000000             2
   -0.10204081632653    0.40816326530612    0.00000000000000             2
   -0.40816326530612    0.30612244897959    0.00000000000000             2
   -0.30612244897959    0.40816326530612    0.00000000000000             2
    0.10204081632653    0.30612244897959    0.00000000000000             2
    0.40816326530612   -0.10204081632653    0.00000000000000             2
    0.32653061224489    0.10204081632653    0.00000000000000             2
   -0.10204081632653    0.42857142857142    0.00000000000000             2
   -0.42857142857142    0.32653061224489    0.00000000000000             2
   -0.32653061224489    0.42857142857142    0.00000000000000             2
    0.10204081632653    0.32653061224489    0.00000000000000             2
    0.42857142857142   -0.10204081632653    0.00000000000000             2
    0.34693877551020    0.10204081632653    0.00000000000000             2
   -0.10204081632653    0.44897959183673    0.00000000000000             2
   -0.44897959183673    0.34693877551020    0.00000000000000             2
   -0.34693877551020    0.44897959183673    0.00000000000000             2
    0.10204081632653    0.34693877551020    0.00000000000000             2
    0.44897959183673   -0.10204081632653    0.00000000000000             2
    0.36734693877551    0.10204081632653    0.00000000000000             2
   -0.10204081632653    0.46938775510204    0.00000000000000             2
   -0.46938775510204    0.36734693877551    0.00000000000000             2
   -0.36734693877551    0.46938775510204    0.00000000000000             2
    0.10204081632653    0.36734693877551    0.00000000000000             2
    0.46938775510204   -0.10204081632653    0.00000000000000             2
    0.38775510204081    0.10204081632653    0.00000000000000             2
   -0.10204081632653    0.48979591836734    0.00000000000000             2
   -0.48979591836734    0.38775510204081    0.00000000000000             2
   -0.38775510204081    0.48979591836734    0.00000000000000             2
    0.10204081632653    0.38775510204081    0.00000000000000             2
    0.48979591836734   -0.10204081632653    0.00000000000000             2
    0.40816326530612    0.10204081632653    0.00000000000000             2
   -0.10204081632653   -0.48979591836735    0.00000000000000             2
    0.48979591836735    0.40816326530612    0.00000000000000             2
   -0.40816326530612   -0.48979591836735    0.00000000000000             2
    0.10204081632653    0.40816326530612    0.00000000000000             2
   -0.48979591836735   -0.10204081632653    0.00000000000000             2
    0.42857142857143    0.10204081632653    0.00000000000000             2
   -0.10204081632653   -0.46938775510204    0.00000000000000             2
    0.46938775510204    0.42857142857143    0.00000000000000             2
   -0.42857142857143   -0.46938775510204    0.00000000000000             2
    0.10204081632653    0.42857142857143    0.00000000000000             2
   -0.46938775510204   -0.10204081632653    0.00000000000000             2
    0.44897959183673    0.10204081632653    0.00000000000000             2
   -0.10204081632653   -0.44897959183674    0.00000000000000             2
    0.44897959183674    0.44897959183673    0.00000000000000             2
    0.12244897959184    0.12244897959184    0.00000000000000             2
   -0.12244897959184    0.24489795918367    0.00000000000000             2
   -0.24489795918367    0.12244897959184    0.00000000000000             2
    0.14285714285715    0.12244897959184    0.00000000000000             2
   -0.12244897959184    0.26530612244898    0.00000000000000             2
   -0.26530612244898    0.14285714285715    0.00000000000000             2
   -0.14285714285715    0.26530612244898    0.00000000000000             2
    0.12244897959184    0.14285714285715    0.00000000000000             2
    0.26530612244898   -0.12244897959184    0.00000000000000             2
    0.16326530612245    0.12244897959184    0.00000000000000             2
   -0.12244897959184    0.28571428571428    0.00000000000000             2
   -0.28571428571428    0.16326530612245    0.00000000000000             2
   -0.16326530612245    0.28571428571428    0.00000000000000             2
    0.12244897959184    0.16326530612245    0.00000000000000             2
    0.28571428571428   -0.12244897959184    0.00000000000000             2
    0.18367346938776    0.12244897959184    0.00000000000000             2
   -0.12244897959184    0.30612244897959    0.00000000000000             2
   -0.30612244897959    0.18367346938776    0.00000000000000             2
   -0.18367346938776    0.30612244897959    0.00000000000000             2
    0.12244897959184    0.18367346938776    0.00000000000000             2
    0.30612244897959   -0.12244897959184    0.00000000000000             2
    0.20408163265306    0.12244897959184    0.00000000000000             2
   -0.12244897959184    0.32653061224490    0.00000000000000             2
   -0.32653061224490    0.20408163265306    0.00000000000000             2
   -0.20408163265306    0.32653061224490    0.00000000000000             2
    0.12244897959184    0.20408163265306    0.00000000000000             2
    0.32653061224490   -0.12244897959184    0.00000000000000             2
    0.22448979591837    0.12244897959184    0.00000000000000             2
   -0.12244897959184    0.34693877551020    0.00000000000000             2
   -0.34693877551020    0.22448979591837    0.00000000000000             2
   -0.22448979591837    0.34693877551020    0.00000000000000             2
    0.12244897959184    0.22448979591837    0.00000000000000             2
    0.34693877551020   -0.12244897959184    0.00000000000000             2
    0.24489795918367    0.12244897959184    0.00000000000000             2
   -0.12244897959184    0.36734693877551    0.00000000000000             2
   -0.36734693877551    0.24489795918367    0.00000000000000             2
   -0.24489795918367    0.36734693877551    0.00000000000000             2
    0.12244897959184    0.24489795918367    0.00000000000000             2
    0.36734693877551   -0.12244897959184    0.00000000000000             2
    0.26530612244898    0.12244897959184    0.00000000000000             2
   -0.12244897959184    0.38775510204081    0.00000000000000             2
   -0.38775510204081    0.26530612244898    0.00000000000000             2
   -0.26530612244898    0.38775510204081    0.00000000000000             2
    0.12244897959184    0.26530612244898    0.00000000000000             2
    0.38775510204081   -0.12244897959184    0.00000000000000             2
    0.28571428571428    0.12244897959184    0.00000000000000             2
   -0.12244897959184    0.40816326530612    0.00000000000000             2
   -0.40816326530612    0.28571428571428    0.00000000000000             2
   -0.28571428571428    0.40816326530612    0.00000000000000             2
    0.12244897959184    0.28571428571428    0.00000000000000             2
    0.40816326530612   -0.12244897959184    0.00000000000000             2
    0.30612244897959    0.12244897959184    0.00000000000000             2
   -0.12244897959184    0.42857142857143    0.00000000000000             2
   -0.42857142857143    0.30612244897959    0.00000000000000             2
   -0.30612244897959    0.42857142857143    0.00000000000000             2
    0.12244897959184    0.30612244897959    0.00000000000000             2
    0.42857142857143   -0.12244897959184    0.00000000000000             2
    0.32653061224489    0.12244897959184    0.00000000000000             2
   -0.12244897959184    0.44897959183673    0.00000000000000             2
   -0.44897959183673    0.32653061224489    0.00000000000000             2
   -0.32653061224489    0.44897959183673    0.00000000000000             2
    0.12244897959184    0.32653061224489    0.00000000000000             2
    0.44897959183673   -0.12244897959184    0.00000000000000             2
    0.34693877551020    0.12244897959184    0.00000000000000             2
   -0.12244897959184    0.46938775510204    0.00000000000000             2
   -0.46938775510204    0.34693877551020    0.00000000000000             2
   -0.34693877551020    0.46938775510204    0.00000000000000             2
    0.12244897959184    0.34693877551020    0.00000000000000             2
    0.46938775510204   -0.12244897959184    0.00000000000000             2
    0.36734693877551    0.12244897959184    0.00000000000000             2
   -0.12244897959184    0.48979591836735    0.00000000000000             2
   -0.48979591836735    0.36734693877551    0.00000000000000             2
   -0.36734693877551    0.48979591836735    0.00000000000000             2
    0.12244897959184    0.36734693877551    0.00000000000000             2
    0.48979591836735   -0.12244897959184    0.00000000000000             2
    0.38775510204081    0.12244897959184    0.00000000000000             2
   -0.12244897959184   -0.48979591836735    0.00000000000000             2
    0.48979591836735    0.38775510204081    0.00000000000000             2
   -0.38775510204081   -0.48979591836735    0.00000000000000             2
    0.12244897959184    0.38775510204081    0.00000000000000             2
   -0.48979591836735   -0.12244897959184    0.00000000000000             2
    0.40816326530612    0.12244897959184    0.00000000000000             2
   -0.12244897959184   -0.46938775510204    0.00000000000000             2
    0.46938775510204    0.40816326530612    0.00000000000000             2
   -0.40816326530612   -0.46938775510204    0.00000000000000             2
    0.12244897959184    0.40816326530612    0.00000000000000             2
   -0.46938775510204   -0.12244897959184    0.00000000000000             2
    0.42857142857143    0.12244897959184    0.00000000000000             2
   -0.12244897959184   -0.44897959183673    0.00000000000000             2
    0.44897959183673    0.42857142857143    0.00000000000000             2
   -0.42857142857143   -0.44897959183673    0.00000000000000             2
    0.12244897959184    0.42857142857143    0.00000000000000             2
   -0.44897959183673   -0.12244897959184    0.00000000000000             2
    0.14285714285715    0.14285714285715    0.00000000000000             2
   -0.14285714285715    0.28571428571429    0.00000000000000             2
   -0.28571428571429    0.14285714285715    0.00000000000000             2
    0.16326530612245    0.14285714285715    0.00000000000000             2
   -0.14285714285715    0.30612244897959    0.00000000000000             2
   -0.30612244897959    0.16326530612245    0.00000000000000             2
   -0.16326530612245    0.30612244897959    0.00000000000000             2
    0.14285714285715    0.16326530612245    0.00000000000000             2
    0.30612244897959   -0.14285714285715    0.00000000000000             2
    0.18367346938776    0.14285714285715    0.00000000000000             2
   -0.14285714285715    0.32653061224490    0.00000000000000             2
   -0.32653061224490    0.18367346938776    0.00000000000000             2
   -0.18367346938776    0.32653061224490    0.00000000000000             2
    0.14285714285715    0.18367346938776    0.00000000000000             2
    0.32653061224490   -0.14285714285715    0.00000000000000             2
    0.20408163265306    0.14285714285715    0.00000000000000             2
   -0.14285714285715    0.34693877551021    0.00000000000000             2
   -0.34693877551021    0.20408163265306    0.00000000000000             2
   -0.20408163265306    0.34693877551021    0.00000000000000             2
    0.14285714285715    0.20408163265306    0.00000000000000             2
    0.34693877551021   -0.14285714285715    0.00000000000000             2
    0.22448979591837    0.14285714285715    0.00000000000000             2
   -0.14285714285715    0.36734693877551    0.00000000000000             2
   -0.36734693877551    0.22448979591837    0.00000000000000             2
   -0.22448979591837    0.36734693877551    0.00000000000000             2
    0.14285714285715    0.22448979591837    0.00000000000000             2
    0.36734693877551   -0.14285714285715    0.00000000000000             2
    0.24489795918367    0.14285714285715    0.00000000000000             2
   -0.14285714285715    0.38775510204082    0.00000000000000             2
   -0.38775510204082    0.24489795918367    0.00000000000000             2
   -0.24489795918367    0.38775510204082    0.00000000000000             2
    0.14285714285715    0.24489795918367    0.00000000000000             2
    0.38775510204082   -0.14285714285715    0.00000000000000             2
    0.26530612244898    0.14285714285715    0.00000000000000             2
   -0.14285714285715    0.40816326530612    0.00000000000000             2
   -0.40816326530612    0.26530612244898    0.00000000000000             2
   -0.26530612244898    0.40816326530612    0.00000000000000             2
    0.14285714285715    0.26530612244898    0.00000000000000             2
    0.40816326530612   -0.14285714285715    0.00000000000000             2
    0.28571428571428    0.14285714285715    0.00000000000000             2
   -0.14285714285715    0.42857142857143    0.00000000000000             2
   -0.42857142857143    0.28571428571428    0.00000000000000             2
   -0.28571428571428    0.42857142857143    0.00000000000000             2
    0.14285714285715    0.28571428571428    0.00000000000000             2
    0.42857142857143   -0.14285714285715    0.00000000000000             2
    0.30612244897959    0.14285714285715    0.00000000000000             2
   -0.14285714285715    0.44897959183674    0.00000000000000             2
   -0.44897959183674    0.30612244897959    0.00000000000000             2
   -0.30612244897959    0.44897959183674    0.00000000000000             2
    0.14285714285715    0.30612244897959    0.00000000000000             2
    0.44897959183674   -0.14285714285715    0.00000000000000             2
    0.32653061224489    0.14285714285715    0.00000000000000             2
   -0.14285714285715    0.46938775510204    0.00000000000000             2
   -0.46938775510204    0.32653061224489    0.00000000000000             2
   -0.32653061224489    0.46938775510204    0.00000000000000             2
    0.14285714285715    0.32653061224489    0.00000000000000             2
    0.46938775510204   -0.14285714285715    0.00000000000000             2
    0.34693877551020    0.14285714285715    0.00000000000000             2
   -0.14285714285715    0.48979591836735    0.00000000000000             2
   -0.48979591836735    0.34693877551020    0.00000000000000             2
   -0.34693877551020    0.48979591836735    0.00000000000000             2
    0.14285714285715    0.34693877551020    0.00000000000000             2
    0.48979591836735   -0.14285714285715    0.00000000000000             2
    0.36734693877551    0.14285714285715    0.00000000000000             2
   -0.14285714285715   -0.48979591836734    0.00000000000000             2
    0.48979591836734    0.36734693877551    0.00000000000000             2
   -0.36734693877551   -0.48979591836734    0.00000000000000             2
    0.14285714285715    0.36734693877551    0.00000000000000             2
   -0.48979591836734   -0.14285714285715    0.00000000000000             2
    0.38775510204081    0.14285714285715    0.00000000000000             2
   -0.14285714285715   -0.46938775510204    0.00000000000000             2
    0.46938775510204    0.38775510204081    0.00000000000000             2
   -0.38775510204081   -0.46938775510204    0.00000000000000             2
    0.14285714285715    0.38775510204081    0.00000000000000             2
   -0.46938775510204   -0.14285714285715    0.00000000000000             2
    0.40816326530612    0.14285714285715    0.00000000000000             2
   -0.14285714285715   -0.44897959183673    0.00000000000000             2
    0.44897959183673    0.40816326530612    0.00000000000000             2
   -0.40816326530612   -0.44897959183673    0.00000000000000             2
    0.14285714285715    0.40816326530612    0.00000000000000             2
   -0.44897959183673   -0.14285714285715    0.00000000000000             2
    0.42857142857143    0.14285714285715    0.00000000000000             2
   -0.14285714285715   -0.42857142857142    0.00000000000000             2
    0.42857142857142    0.42857142857143    0.00000000000000             2
    0.16326530612245    0.16326530612245    0.00000000000000             2
   -0.16326530612245    0.32653061224489    0.00000000000000             2
   -0.32653061224489    0.16326530612245    0.00000000000000             2
    0.18367346938776    0.16326530612245    0.00000000000000             2
   -0.16326530612245    0.34693877551020    0.00000000000000             2
   -0.34693877551020    0.18367346938776    0.00000000000000             2
   -0.18367346938776    0.34693877551020    0.00000000000000             2
    0.16326530612245    0.18367346938776    0.00000000000000             2
    0.34693877551020   -0.16326530612245    0.00000000000000             2
    0.20408163265306    0.16326530612245    0.00000000000000             2
   -0.16326530612245    0.36734693877551    0.00000000000000             2
   -0.36734693877551    0.20408163265306    0.00000000000000             2
   -0.20408163265306    0.36734693877551    0.00000000000000             2
    0.16326530612245    0.20408163265306    0.00000000000000             2
    0.36734693877551   -0.16326530612245    0.00000000000000             2
    0.22448979591837    0.16326530612245    0.00000000000000             2
   -0.16326530612245    0.38775510204081    0.00000000000000             2
   -0.38775510204081    0.22448979591837    0.00000000000000             2
   -0.22448979591837    0.38775510204081    0.00000000000000             2
    0.16326530612245    0.22448979591837    0.00000000000000             2
    0.38775510204081   -0.16326530612245    0.00000000000000             2
    0.24489795918367    0.16326530612245    0.00000000000000             2
   -0.16326530612245    0.40816326530612    0.00000000000000             2
   -0.40816326530612    0.24489795918367    0.00000000000000             2
   -0.24489795918367    0.40816326530612    0.00000000000000             2
    0.16326530612245    0.24489795918367    0.00000000000000             2
    0.40816326530612   -0.16326530612245    0.00000000000000             2
    0.26530612244898    0.16326530612245    0.00000000000000             2
   -0.16326530612245    0.42857142857142    0.00000000000000             2
   -0.42857142857142    0.26530612244898    0.00000000000000             2
   -0.26530612244898    0.42857142857142    0.00000000000000             2
    0.16326530612245    0.26530612244898    0.00000000000000             2
    0.42857142857142   -0.16326530612245    0.00000000000000             2
    0.28571428571428    0.16326530612245    0.00000000000000             2
   -0.16326530612245    0.44897959183673    0.00000000000000             2
   -0.44897959183673    0.28571428571428    0.00000000000000             2
   -0.28571428571428    0.44897959183673    0.00000000000000             2
    0.16326530612245    0.28571428571428    0.00000000000000             2
    0.44897959183673   -0.16326530612245    0.00000000000000             2
    0.30612244897959    0.16326530612245    0.00000000000000             2
   -0.16326530612245    0.46938775510204    0.00000000000000             2
   -0.46938775510204    0.30612244897959    0.00000000000000             2
   -0.30612244897959    0.46938775510204    0.00000000000000             2
    0.16326530612245    0.30612244897959    0.00000000000000             2
    0.46938775510204   -0.16326530612245    0.00000000000000             2
    0.32653061224489    0.16326530612245    0.00000000000000             2
   -0.16326530612245    0.48979591836734    0.00000000000000             2
   -0.48979591836734    0.32653061224489    0.00000000000000             2
   -0.32653061224489    0.48979591836734    0.00000000000000             2
    0.16326530612245    0.32653061224489    0.00000000000000             2
    0.48979591836734   -0.16326530612245    0.00000000000000             2
    0.34693877551020    0.16326530612245    0.00000000000000             2
   -0.16326530612245   -0.48979591836735    0.00000000000000             2
    0.48979591836735    0.34693877551020    0.00000000000000             2
   -0.34693877551020   -0.48979591836735    0.00000000000000             2
    0.16326530612245    0.34693877551020    0.00000000000000             2
   -0.48979591836735   -0.16326530612245    0.00000000000000             2
    0.36734693877551    0.16326530612245    0.00000000000000             2
   -0.16326530612245   -0.46938775510204    0.00000000000000             2
    0.46938775510204    0.36734693877551    0.00000000000000             2
   -0.36734693877551   -0.46938775510204    0.00000000000000             2
    0.16326530612245    0.36734693877551    0.00000000000000             2
   -0.46938775510204   -0.16326530612245    0.00000000000000             2
    0.38775510204081    0.16326530612245    0.00000000000000             2
   -0.16326530612245   -0.44897959183674    0.00000000000000             2
    0.44897959183674    0.38775510204081    0.00000000000000             2
   -0.38775510204081   -0.44897959183674    0.00000000000000             2
    0.16326530612245    0.38775510204081    0.00000000000000             2
   -0.44897959183674   -0.16326530612245    0.00000000000000             2
    0.40816326530612    0.16326530612245    0.00000000000000             2
   -0.16326530612245   -0.42857142857143    0.00000000000000             2
    0.42857142857143    0.40816326530612    0.00000000000000             2
   -0.40816326530612   -0.42857142857143    0.00000000000000             2
    0.16326530612245    0.40816326530612    0.00000000000000             2
   -0.42857142857143   -0.16326530612245    0.00000000000000             2
    0.18367346938776    0.18367346938776    0.00000000000000             2
   -0.18367346938776    0.36734693877551    0.00000000000000             2
   -0.36734693877551    0.18367346938776    0.00000000000000             2
    0.20408163265306    0.18367346938776    0.00000000000000             2
   -0.18367346938776    0.38775510204082    0.00000000000000             2
   -0.38775510204082    0.20408163265306    0.00000000000000             2
   -0.20408163265306    0.38775510204082    0.00000000000000             2
    0.18367346938776    0.20408163265306    0.00000000000000             2
    0.38775510204082   -0.18367346938776    0.00000000000000             2
    0.22448979591837    0.18367346938776    0.00000000000000             2
   -0.18367346938776    0.40816326530612    0.00000000000000             2
   -0.40816326530612    0.22448979591837    0.00000000000000             2
   -0.22448979591837    0.40816326530612    0.00000000000000             2
    0.18367346938776    0.22448979591837    0.00000000000000             2
    0.40816326530612   -0.18367346938776    0.00000000000000             2
    0.24489795918367    0.18367346938776    0.00000000000000             2
   -0.18367346938776    0.42857142857143    0.00000000000000             2
   -0.42857142857143    0.24489795918367    0.00000000000000             2
   -0.24489795918367    0.42857142857143    0.00000000000000             2
    0.18367346938776    0.24489795918367    0.00000000000000             2
    0.42857142857143   -0.18367346938776    0.00000000000000             2
    0.26530612244898    0.18367346938776    0.00000000000000             2
   -0.18367346938776    0.44897959183673    0.00000000000000             2
   -0.44897959183673    0.26530612244898    0.00000000000000             2
   -0.26530612244898    0.44897959183673    0.00000000000000             2
    0.18367346938776    0.26530612244898    0.00000000000000             2
    0.44897959183673   -0.18367346938776    0.00000000000000             2
    0.28571428571428    0.18367346938776    0.00000000000000             2
   -0.18367346938776    0.46938775510204    0.00000000000000             2
   -0.46938775510204    0.28571428571428    0.00000000000000             2
   -0.28571428571428    0.46938775510204    0.00000000000000             2
    0.18367346938776    0.28571428571428    0.00000000000000             2
    0.46938775510204   -0.18367346938776    0.00000000000000             2
    0.30612244897959    0.18367346938776    0.00000000000000             2
   -0.18367346938776    0.48979591836735    0.00000000000000             2
   -0.48979591836735    0.30612244897959    0.00000000000000             2
   -0.30612244897959    0.48979591836735    0.00000000000000             2
    0.18367346938776    0.30612244897959    0.00000000000000             2
    0.48979591836735   -0.18367346938776    0.00000000000000             2
    0.32653061224489    0.18367346938776    0.00000000000000             2
   -0.18367346938776   -0.48979591836735    0.00000000000000             2
    0.48979591836735    0.32653061224489    0.00000000000000             2
   -0.32653061224489   -0.48979591836735    0.00000000000000             2
    0.18367346938776    0.32653061224489    0.00000000000000             2
   -0.48979591836735   -0.18367346938776    0.00000000000000             2
    0.34693877551020    0.18367346938776    0.00000000000000             2
   -0.18367346938776   -0.46938775510204    0.00000000000000             2
    0.46938775510204    0.34693877551020    0.00000000000000             2
   -0.34693877551020   -0.46938775510204    0.00000000000000             2
    0.18367346938776    0.34693877551020    0.00000000000000             2
   -0.46938775510204   -0.18367346938776    0.00000000000000             2
    0.36734693877551    0.18367346938776    0.00000000000000             2
   -0.18367346938776   -0.44897959183673    0.00000000000000             2
    0.44897959183673    0.36734693877551    0.00000000000000             2
   -0.36734693877551   -0.44897959183673    0.00000000000000             2
    0.18367346938776    0.36734693877551    0.00000000000000             2
   -0.44897959183673   -0.18367346938776    0.00000000000000             2
    0.38775510204081    0.18367346938776    0.00000000000000             2
   -0.18367346938776   -0.42857142857143    0.00000000000000             2
    0.42857142857143    0.38775510204081    0.00000000000000             2
   -0.38775510204081   -0.42857142857143    0.00000000000000             2
    0.18367346938776    0.38775510204081    0.00000000000000             2
   -0.42857142857143   -0.18367346938776    0.00000000000000             2
    0.40816326530612    0.18367346938776    0.00000000000000             2
   -0.18367346938776   -0.40816326530612    0.00000000000000             2
    0.40816326530612    0.40816326530612    0.00000000000000             2
    0.20408163265306    0.20408163265306    0.00000000000000             2
   -0.20408163265306    0.40816326530613    0.00000000000000             2
   -0.40816326530613    0.20408163265306    0.00000000000000             2
    0.22448979591837    0.20408163265306    0.00000000000000             2
   -0.20408163265306    0.42857142857143    0.00000000000000             2
   -0.42857142857143    0.22448979591837    0.00000000000000             2
   -0.22448979591837    0.42857142857143    0.00000000000000             2
    0.20408163265306    0.22448979591837    0.00000000000000             2
    0.42857142857143   -0.20408163265306    0.00000000000000             2
    0.24489795918367    0.20408163265306    0.00000000000000             2
   -0.20408163265306    0.44897959183674    0.00000000000000             2
   -0.44897959183674    0.24489795918367    0.00000000000000             2
   -0.24489795918367    0.44897959183674    0.00000000000000             2
    0.20408163265306    0.24489795918367    0.00000000000000             2
    0.44897959183674   -0.20408163265306    0.00000000000000             2
    0.26530612244898    0.20408163265306    0.00000000000000             2
   -0.20408163265306    0.46938775510204    0.00000000000000             2
   -0.46938775510204    0.26530612244898    0.00000000000000             2
   -0.26530612244898    0.46938775510204    0.00000000000000             2
    0.20408163265306    0.26530612244898    0.00000000000000             2
    0.46938775510204   -0.20408163265306    0.00000000000000             2
    0.28571428571428    0.20408163265306    0.00000000000000             2
   -0.20408163265306    0.48979591836735    0.00000000000000             2
   -0.48979591836735    0.28571428571428    0.00000000000000             2
   -0.28571428571428    0.48979591836735    0.00000000000000             2
    0.20408163265306    0.28571428571428    0.00000000000000             2
    0.48979591836735   -0.20408163265306    0.00000000000000             2
    0.30612244897959    0.20408163265306    0.00000000000000             2
   -0.20408163265306   -0.48979591836734    0.00000000000000             2
    0.48979591836734    0.30612244897959    0.00000000000000             2
   -0.30612244897959   -0.48979591836734    0.00000000000000             2
    0.20408163265306    0.30612244897959    0.00000000000000             2
   -0.48979591836734   -0.20408163265306    0.00000000000000             2
    0.32653061224489    0.20408163265306    0.00000000000000             2
   -0.20408163265306   -0.46938775510204    0.00000000000000             2
    0.46938775510204    0.32653061224489    0.00000000000000             2
   -0.32653061224489   -0.46938775510204    0.00000000000000             2
    0.20408163265306    0.32653061224489    0.00000000000000             2
   -0.46938775510204   -0.20408163265306    0.00000000000000             2
    0.34693877551020    0.20408163265306    0.00000000000000             2
   -0.20408163265306   -0.44897959183673    0.00000000000000             2
    0.44897959183673    0.34693877551020    0.00000000000000             2
   -0.34693877551020   -0.44897959183673    0.00000000000000             2
    0.20408163265306    0.34693877551020    0.00000000000000             2
   -0.44897959183673   -0.20408163265306    0.00000000000000             2
    0.36734693877551    0.20408163265306    0.00000000000000             2
   -0.20408163265306   -0.42857142857142    0.00000000000000             2
    0.42857142857142    0.36734693877551    0.00000000000000             2
   -0.36734693877551   -0.42857142857142    0.00000000000000             2
    0.20408163265306    0.36734693877551    0.00000000000000             2
   -0.42857142857142   -0.20408163265306    0.00000000000000             2
    0.38775510204081    0.20408163265306    0.00000000000000             2
   -0.20408163265306   -0.40816326530612    0.00000000000000             2
    0.40816326530612    0.38775510204081    0.00000000000000             2
   -0.38775510204081   -0.40816326530612    0.00000000000000             2
    0.20408163265306    0.38775510204081    0.00000000000000             2
   -0.40816326530612   -0.20408163265306    0.00000000000000             2
    0.22448979591837    0.22448979591837    0.00000000000000             2
   -0.22448979591837    0.44897959183673    0.00000000000000             2
   -0.44897959183673    0.22448979591837    0.00000000000000             2
    0.24489795918367    0.22448979591837    0.00000000000000             2
   -0.22448979591837    0.46938775510204    0.00000000000000             2
   -0.46938775510204    0.24489795918367    0.00000000000000             2
   -0.24489795918367    0.46938775510204    0.00000000000000             2
    0.22448979591837    0.24489795918367    0.00000000000000             2
    0.46938775510204   -0.22448979591837    0.00000000000000             2
    0.26530612244898    0.22448979591837    0.00000000000000             2
   -0.22448979591837    0.48979591836734    0.00000000000000             2
   -0.48979591836734    0.26530612244898    0.00000000000000             2
   -0.26530612244898    0.48979591836734    0.00000000000000             2
    0.22448979591837    0.26530612244898    0.00000000000000             2
    0.48979591836734   -0.22448979591837    0.00000000000000             2
    0.28571428571428    0.22448979591837    0.00000000000000             2
   -0.22448979591837   -0.48979591836735    0.00000000000000             2
    0.48979591836735    0.28571428571428    0.00000000000000             2
   -0.28571428571428   -0.48979591836735    0.00000000000000             2
    0.22448979591837    0.28571428571428    0.00000000000000             2
   -0.48979591836735   -0.22448979591837    0.00000000000000             2
    0.30612244897959    0.22448979591837    0.00000000000000             2
   -0.22448979591837   -0.46938775510204    0.00000000000000             2
    0.46938775510204    0.30612244897959    0.00000000000000             2
   -0.30612244897959   -0.46938775510204    0.00000000000000             2
    0.22448979591837    0.30612244897959    0.00000000000000             2
   -0.46938775510204   -0.22448979591837    0.00000000000000             2
    0.32653061224489    0.22448979591837    0.00000000000000             2
   -0.22448979591837   -0.44897959183674    0.00000000000000             2
    0.44897959183674    0.32653061224489    0.00000000000000             2
   -0.32653061224489   -0.44897959183674    0.00000000000000             2
    0.22448979591837    0.32653061224489    0.00000000000000             2
   -0.44897959183674   -0.22448979591837    0.00000000000000             2
    0.34693877551020    0.22448979591837    0.00000000000000             2
   -0.22448979591837   -0.42857142857143    0.00000000000000             2
    0.42857142857143    0.34693877551020    0.00000000000000             2
   -0.34693877551020   -0.42857142857143    0.00000000000000             2
    0.22448979591837    0.34693877551020    0.00000000000000             2
   -0.42857142857143   -0.22448979591837    0.00000000000000             2
    0.36734693877551    0.22448979591837    0.00000000000000             2
   -0.22448979591837   -0.40816326530612    0.00000000000000             2
    0.40816326530612    0.36734693877551    0.00000000000000             2
   -0.36734693877551   -0.40816326530612    0.00000000000000             2
    0.22448979591837    0.36734693877551    0.00000000000000             2
   -0.40816326530612   -0.22448979591837    0.00000000000000             2
    0.38775510204081    0.22448979591837    0.00000000000000             2
   -0.22448979591837   -0.38775510204082    0.00000000000000             2
    0.38775510204082    0.38775510204081    0.00000000000000             2
    0.24489795918367    0.24489795918367    0.00000000000000             2
   -0.24489795918367    0.48979591836735    0.00000000000000             2
   -0.48979591836735    0.24489795918367    0.00000000000000             2
    0.26530612244898    0.24489795918367    0.00000000000000             2
   -0.24489795918367   -0.48979591836735    0.00000000000000             2
    0.48979591836735    0.26530612244898    0.00000000000000             2
   -0.26530612244898   -0.48979591836735    0.00000000000000             2
    0.24489795918367    0.26530612244898    0.00000000000000             2
   -0.48979591836735   -0.24489795918367    0.00000000000000             2
    0.28571428571428    0.24489795918367    0.00000000000000             2
   -0.24489795918367   -0.46938775510204    0.00000000000000             2
    0.46938775510204    0.28571428571428    0.00000000000000             2
   -0.28571428571428   -0.46938775510204    0.00000000000000             2
    0.24489795918367    0.28571428571428    0.00000000000000             2
   -0.46938775510204   -0.24489795918367    0.00000000000000             2
    0.30612244897959    0.24489795918367    0.00000000000000             2
   -0.24489795918367   -0.44897959183673    0.00000000000000             2
    0.44897959183673    0.30612244897959    0.00000000000000             2
   -0.30612244897959   -0.44897959183673    0.00000000000000             2
    0.24489795918367    0.30612244897959    0.00000000000000             2
   -0.44897959183673   -0.24489795918367    0.00000000000000             2
    0.32653061224489    0.24489795918367    0.00000000000000             2
   -0.24489795918367   -0.42857142857143    0.00000000000000             2
    0.42857142857143    0.32653061224489    0.00000000000000             2
   -0.32653061224489   -0.42857142857143    0.00000000000000             2
    0.24489795918367    0.32653061224489    0.00000000000000             2
   -0.42857142857143   -0.24489795918367    0.00000000000000             2
    0.34693877551020    0.24489795918367    0.00000000000000             2
   -0.24489795918367   -0.40816326530612    0.00000000000000             2
    0.40816326530612    0.34693877551020    0.00000000000000             2
   -0.34693877551020   -0.40816326530612    0.00000000000000             2
    0.24489795918367    0.34693877551020    0.00000000000000             2
   -0.40816326530612   -0.24489795918367    0.00000000000000             2
    0.36734693877551    0.24489795918367    0.00000000000000             2
   -0.24489795918367   -0.38775510204081    0.00000000000000             2
    0.38775510204081    0.36734693877551    0.00000000000000             2
   -0.36734693877551   -0.38775510204081    0.00000000000000             2
    0.24489795918367    0.36734693877551    0.00000000000000             2
   -0.38775510204081   -0.24489795918367    0.00000000000000             2
    0.26530612244898    0.26530612244898    0.00000000000000             2
   -0.26530612244898   -0.46938775510205    0.00000000000000             2
    0.46938775510205    0.26530612244898    0.00000000000000             2
    0.28571428571428    0.26530612244898    0.00000000000000             2
   -0.26530612244898   -0.44897959183674    0.00000000000000             2
    0.44897959183674    0.28571428571428    0.00000000000000             2
   -0.28571428571428   -0.44897959183674    0.00000000000000             2
    0.26530612244898    0.28571428571428    0.00000000000000             2
   -0.44897959183674   -0.26530612244898    0.00000000000000             2
    0.30612244897959    0.26530612244898    0.00000000000000             2
   -0.26530612244898   -0.42857142857143    0.00000000000000             2
    0.42857142857143    0.30612244897959    0.00000000000000             2
   -0.30612244897959   -0.42857142857143    0.00000000000000             2
    0.26530612244898    0.30612244897959    0.00000000000000             2
   -0.42857142857143   -0.26530612244898    0.00000000000000             2
    0.32653061224489    0.26530612244898    0.00000000000000             2
   -0.26530612244898   -0.40816326530613    0.00000000000000             2
    0.40816326530613    0.32653061224489    0.00000000000000             2
   -0.32653061224489   -0.40816326530613    0.00000000000000             2
    0.26530612244898    0.32653061224489    0.00000000000000             2
   -0.40816326530613   -0.26530612244898    0.00000000000000             2
    0.34693877551020    0.26530612244898    0.00000000000000             2
   -0.26530612244898   -0.38775510204082    0.00000000000000             2
    0.38775510204082    0.34693877551020    0.00000000000000             2
   -0.34693877551020   -0.38775510204082    0.00000000000000             2
    0.26530612244898    0.34693877551020    0.00000000000000             2
   -0.38775510204082   -0.26530612244898    0.00000000000000             2
    0.36734693877551    0.26530612244898    0.00000000000000             2
   -0.26530612244898   -0.36734693877551    0.00000000000000             2
    0.36734693877551    0.36734693877551    0.00000000000000             2
    0.28571428571428    0.28571428571428    0.00000000000000             2
   -0.28571428571428   -0.42857142857143    0.00000000000000             2
    0.42857142857143    0.28571428571428    0.00000000000000             2
    0.30612244897959    0.28571428571428    0.00000000000000             2
   -0.28571428571428   -0.40816326530612    0.00000000000000             2
    0.40816326530612    0.30612244897959    0.00000000000000             2
   -0.30612244897959   -0.40816326530612    0.00000000000000             2
    0.28571428571428    0.30612244897959    0.00000000000000             2
   -0.40816326530612   -0.28571428571428    0.00000000000000             2
    0.32653061224489    0.28571428571428    0.00000000000000             2
   -0.28571428571428   -0.38775510204082    0.00000000000000             2
    0.38775510204082    0.32653061224489    0.00000000000000             2
   -0.32653061224489   -0.38775510204082    0.00000000000000             2
    0.28571428571428    0.32653061224489    0.00000000000000             2
   -0.38775510204082   -0.28571428571428    0.00000000000000             2
    0.34693877551020    0.28571428571428    0.00000000000000             2
   -0.28571428571428   -0.36734693877551    0.00000000000000             2
    0.36734693877551    0.34693877551020    0.00000000000000             2
   -0.34693877551020   -0.36734693877551    0.00000000000000             2
    0.28571428571428    0.34693877551020    0.00000000000000             2
   -0.36734693877551   -0.28571428571428    0.00000000000000             2
    0.30612244897959    0.30612244897959    0.00000000000000             2
   -0.30612244897959   -0.38775510204081    0.00000000000000             2
    0.38775510204081    0.30612244897959    0.00000000000000             2
    0.32653061224489    0.30612244897959    0.00000000000000             2
   -0.30612244897959   -0.36734693877551    0.00000000000000             2
    0.36734693877551    0.32653061224489    0.00000000000000             2
   -0.32653061224489   -0.36734693877551    0.00000000000000             2
    0.30612244897959    0.32653061224489    0.00000000000000             2
   -0.36734693877551   -0.30612244897959    0.00000000000000             2
    0.34693877551020    0.30612244897959    0.00000000000000             2
   -0.30612244897959   -0.34693877551020    0.00000000000000             2
    0.34693877551020    0.34693877551020    0.00000000000000             2
    0.32653061224489    0.32653061224489    0.00000000000000             2
   -0.32653061224489   -0.34693877551021    0.00000000000000             2
    0.34693877551021    0.32653061224489    0.00000000000000             2
