Automatically generated mesh
     280
Reciprocal lattice
    0.00000000000000    0.00000000000000    0.00000000000000             1
    0.01818181818182   -0.00000000000000    0.00000000000000             6
    0.03636363636364   -0.00000000000000    0.00000000000000             6
    0.05454545454545   -0.00000000000000    0.00000000000000             6
    0.07272727272727   -0.00000000000000    0.00000000000000             6
    0.09090909090909   -0.00000000000000    0.00000000000000             6
    0.10909090909091   -0.00000000000000    0.00000000000000             6
    0.12727272727273   -0.00000000000000    0.00000000000000             6
    0.14545454545455   -0.00000000000000    0.00000000000000             6
    0.16363636363636    0.00000000000000    0.00000000000000             6
    0.18181818181818   -0.00000000000000    0.00000000000000             6
    0.20000000000000   -0.00000000000000    0.00000000000000             6
    0.21818181818182   -0.00000000000000    0.00000000000000             6
    0.23636363636363   -0.00000000000000    0.00000000000000             6
    0.25454545454546   -0.00000000000000    0.00000000000000             6
    0.27272727272727   -0.00000000000000    0.00000000000000             6
    0.29090909090909   -0.00000000000000    0.00000000000000             6
    0.30909090909091   -0.00000000000000    0.00000000000000             6
    0.32727272727273    0.00000000000000    0.00000000000000             6
    0.34545454545454   -0.00000000000000    0.00000000000000             6
    0.36363636363637   -0.00000000000000    0.00000000000000             6
    0.38181818181818   -0.00000000000000    0.00000000000000             6
    0.40000000000000   -0.00000000000000    0.00000000000000             6
    0.41818181818182   -0.00000000000000    0.00000000000000             6
    0.43636363636364   -0.00000000000000    0.00000000000000             6
    0.45454545454545   -0.00000000000000    0.00000000000000             6
    0.47272727272728   -0.00000000000000    0.00000000000000             6
    0.49090909090909   -0.00000000000000    0.00000000000000             6
    0.01818181818182    0.01818181818182    0.00000000000000             6
    0.03636363636364    0.01818181818182    0.00000000000000            12
    0.05454545454545    0.01818181818182    0.00000000000000            12
    0.07272727272727    0.01818181818182    0.00000000000000            12
    0.09090909090909    0.01818181818182    0.00000000000000            12
    0.10909090909091    0.01818181818182    0.00000000000000            12
    0.12727272727273    0.01818181818182    0.00000000000000            12
    0.14545454545455    0.01818181818182    0.00000000000000            12
    0.16363636363636    0.01818181818182    0.00000000000000            12
    0.18181818181818    0.01818181818182    0.00000000000000            12
    0.20000000000000    0.01818181818182    0.00000000000000            12
    0.21818181818182    0.01818181818182    0.00000000000000            12
    0.23636363636363    0.01818181818182    0.00000000000000            12
    0.25454545454546    0.01818181818182    0.00000000000000            12
    0.27272727272727    0.01818181818182    0.00000000000000            12
    0.29090909090909    0.01818181818182    0.00000000000000            12
    0.30909090909091    0.01818181818182    0.00000000000000            12
    0.32727272727273    0.01818181818182    0.00000000000000            12
    0.34545454545454    0.01818181818182    0.00000000000000            12
    0.36363636363637    0.01818181818182    0.00000000000000            12
    0.38181818181818    0.01818181818182    0.00000000000000            12
    0.40000000000000    0.01818181818182    0.00000000000000            12
    0.41818181818182    0.01818181818182    0.00000000000000            12
    0.43636363636364    0.01818181818182    0.00000000000000            12
    0.45454545454545    0.01818181818182    0.00000000000000            12
    0.47272727272728    0.01818181818182    0.00000000000000            12
    0.49090909090909    0.01818181818182    0.00000000000000             6
    0.03636363636364    0.03636363636364    0.00000000000000             6
    0.05454545454545    0.03636363636364    0.00000000000000            12
    0.07272727272727    0.03636363636364    0.00000000000000            12
    0.09090909090909    0.03636363636364    0.00000000000000            12
    0.10909090909091    0.03636363636364    0.00000000000000            12
    0.12727272727273    0.03636363636364    0.00000000000000            12
    0.14545454545455    0.03636363636364    0.00000000000000            12
    0.16363636363636    0.03636363636364    0.00000000000000            12
    0.18181818181818    0.03636363636364    0.00000000000000            12
    0.20000000000000    0.03636363636364    0.00000000000000            12
    0.21818181818182    0.03636363636364    0.00000000000000            12
    0.23636363636363    0.03636363636364    0.00000000000000            12
    0.25454545454546    0.03636363636364    0.00000000000000            12
    0.27272727272727    0.03636363636364    0.00000000000000            12
    0.29090909090909    0.03636363636364    0.00000000000000            12
    0.30909090909091    0.03636363636364    0.00000000000000            12
    0.32727272727273    0.03636363636364    0.00000000000000            12
    0.34545454545454    0.03636363636364    0.00000000000000            12
    0.36363636363637    0.03636363636364    0.00000000000000            12
    0.38181818181818    0.03636363636364    0.00000000000000            12
    0.40000000000000    0.03636363636364    0.00000000000000            12
    0.41818181818182    0.03636363636364    0.00000000000000            12
    0.43636363636364    0.03636363636364    0.00000000000000            12
    0.45454545454545    0.03636363636364    0.00000000000000            12
    0.47272727272728    0.03636363636364    0.00000000000000            12
    0.05454545454545    0.05454545454545    0.00000000000000             6
    0.07272727272727    0.05454545454545    0.00000000000000            12
    0.09090909090909    0.05454545454545    0.00000000000000            12
    0.10909090909091    0.05454545454545    0.00000000000000            12
    0.12727272727273    0.05454545454545    0.00000000000000            12
    0.14545454545455    0.05454545454545    0.00000000000000            12
    0.16363636363636    0.05454545454545    0.00000000000000            12
    0.18181818181818    0.05454545454545    0.00000000000000            12
    0.20000000000000    0.05454545454545    0.00000000000000            12
    0.21818181818182    0.05454545454545    0.00000000000000            12
    0.23636363636363    0.05454545454545    0.00000000000000            12
    0.25454545454546    0.05454545454545    0.00000000000000            12
    0.27272727272727    0.05454545454545    0.00000000000000            12
    0.29090909090909    0.05454545454545    0.00000000000000            12
    0.30909090909091    0.05454545454545    0.00000000000000            12
    0.32727272727273    0.05454545454545    0.00000000000000            12
    0.34545454545454    0.05454545454545    0.00000000000000            12
    0.36363636363637    0.05454545454545    0.00000000000000            12
    0.38181818181818    0.05454545454545    0.00000000000000            12
    0.40000000000000    0.05454545454545    0.00000000000000            12
    0.41818181818182    0.05454545454545    0.00000000000000            12
    0.43636363636364    0.05454545454545    0.00000000000000            12
    0.45454545454545    0.05454545454545    0.00000000000000            12
    0.47272727272728    0.05454545454545    0.00000000000000             6
    0.07272727272727    0.07272727272727    0.00000000000000             6
    0.09090909090909    0.07272727272727    0.00000000000000            12
    0.10909090909091    0.07272727272727    0.00000000000000            12
    0.12727272727273    0.07272727272727    0.00000000000000            12
    0.14545454545455    0.07272727272727    0.00000000000000            12
    0.16363636363636    0.07272727272727    0.00000000000000            12
    0.18181818181818    0.07272727272727    0.00000000000000            12
    0.20000000000000    0.07272727272727    0.00000000000000            12
    0.21818181818182    0.07272727272727    0.00000000000000            12
    0.23636363636363    0.07272727272727    0.00000000000000            12
    0.25454545454546    0.07272727272727    0.00000000000000            12
    0.27272727272727    0.07272727272727    0.00000000000000            12
    0.29090909090909    0.07272727272727    0.00000000000000            12
    0.30909090909091    0.07272727272727    0.00000000000000            12
    0.32727272727273    0.07272727272727    0.00000000000000            12
    0.34545454545454    0.07272727272727    0.00000000000000            12
    0.36363636363637    0.07272727272727    0.00000000000000            12
    0.38181818181818    0.07272727272727    0.00000000000000            12
    0.40000000000000    0.07272727272727    0.00000000000000            12
    0.41818181818182    0.07272727272727    0.00000000000000            12
    0.43636363636364    0.07272727272727    0.00000000000000            12
    0.45454545454545    0.07272727272727    0.00000000000000            12
    0.09090909090909    0.09090909090909    0.00000000000000             6
    0.10909090909091    0.09090909090909    0.00000000000000            12
    0.12727272727273    0.09090909090909    0.00000000000000            12
    0.14545454545455    0.09090909090909    0.00000000000000            12
    0.16363636363636    0.09090909090909    0.00000000000000            12
    0.18181818181818    0.09090909090909    0.00000000000000            12
    0.20000000000000    0.09090909090909    0.00000000000000            12
    0.21818181818182    0.09090909090909    0.00000000000000            12
    0.23636363636363    0.09090909090909    0.00000000000000            12
    0.25454545454546    0.09090909090909    0.00000000000000            12
    0.27272727272727    0.09090909090909    0.00000000000000            12
    0.29090909090909    0.09090909090909    0.00000000000000            12
    0.30909090909091    0.09090909090909    0.00000000000000            12
    0.32727272727273    0.09090909090909    0.00000000000000            12
    0.34545454545454    0.09090909090909    0.00000000000000            12
    0.36363636363637    0.09090909090909    0.00000000000000            12
    0.38181818181818    0.09090909090909    0.00000000000000            12
    0.40000000000000    0.09090909090909    0.00000000000000            12
    0.41818181818182    0.09090909090909    0.00000000000000            12
    0.43636363636364    0.09090909090909    0.00000000000000            12
    0.45454545454545    0.09090909090909    0.00000000000000             6
    0.10909090909091    0.10909090909091    0.00000000000000             6
    0.12727272727273    0.10909090909091    0.00000000000000            12
    0.14545454545455    0.10909090909091    0.00000000000000            12
    0.16363636363636    0.10909090909091    0.00000000000000            12
    0.18181818181818    0.10909090909091    0.00000000000000            12
    0.20000000000000    0.10909090909091    0.00000000000000            12
    0.21818181818182    0.10909090909091    0.00000000000000            12
    0.23636363636363    0.10909090909091    0.00000000000000            12
    0.25454545454546    0.10909090909091    0.00000000000000            12
    0.27272727272727    0.10909090909091    0.00000000000000            12
    0.29090909090909    0.10909090909091    0.00000000000000            12
    0.30909090909091    0.10909090909091    0.00000000000000            12
    0.32727272727273    0.10909090909091    0.00000000000000            12
    0.34545454545454    0.10909090909091    0.00000000000000            12
    0.36363636363637    0.10909090909091    0.00000000000000            12
    0.38181818181818    0.10909090909091    0.00000000000000            12
    0.40000000000000    0.10909090909091    0.00000000000000            12
    0.41818181818182    0.10909090909091    0.00000000000000            12
    0.43636363636364    0.10909090909091    0.00000000000000            12
    0.12727272727273    0.12727272727273    0.00000000000000             6
    0.14545454545455    0.12727272727273    0.00000000000000            12
    0.16363636363636    0.12727272727273    0.00000000000000            12
    0.18181818181818    0.12727272727273    0.00000000000000            12
    0.20000000000000    0.12727272727273    0.00000000000000            12
    0.21818181818182    0.12727272727273    0.00000000000000            12
    0.23636363636363    0.12727272727273    0.00000000000000            12
    0.25454545454546    0.12727272727273    0.00000000000000            12
    0.27272727272727    0.12727272727273    0.00000000000000            12
    0.29090909090909    0.12727272727273    0.00000000000000            12
    0.30909090909091    0.12727272727273    0.00000000000000            12
    0.32727272727273    0.12727272727273    0.00000000000000            12
    0.34545454545454    0.12727272727273    0.00000000000000            12
    0.36363636363637    0.12727272727273    0.00000000000000            12
    0.38181818181818    0.12727272727273    0.00000000000000            12
    0.40000000000000    0.12727272727273    0.00000000000000            12
    0.41818181818182    0.12727272727273    0.00000000000000            12
    0.43636363636364    0.12727272727273    0.00000000000000             6
    0.14545454545455    0.14545454545455    0.00000000000000             6
    0.16363636363636    0.14545454545455    0.00000000000000            12
    0.18181818181818    0.14545454545455    0.00000000000000            12
    0.20000000000000    0.14545454545455    0.00000000000000            12
    0.21818181818182    0.14545454545455    0.00000000000000            12
    0.23636363636363    0.14545454545455    0.00000000000000            12
    0.25454545454546    0.14545454545455    0.00000000000000            12
    0.27272727272727    0.14545454545455    0.00000000000000            12
    0.29090909090909    0.14545454545455    0.00000000000000            12
    0.30909090909091    0.14545454545455    0.00000000000000            12
    0.32727272727273    0.14545454545455    0.00000000000000            12
    0.34545454545454    0.14545454545455    0.00000000000000            12
    0.36363636363637    0.14545454545455    0.00000000000000            12
    0.38181818181818    0.14545454545455    0.00000000000000            12
    0.40000000000000    0.14545454545455    0.00000000000000            12
    0.41818181818182    0.14545454545455    0.00000000000000            12
    0.16363636363636    0.16363636363636    0.00000000000000             6
    0.18181818181818    0.16363636363636    0.00000000000000            12
    0.20000000000000    0.16363636363636    0.00000000000000            12
    0.21818181818182    0.16363636363636    0.00000000000000            12
    0.23636363636363    0.16363636363636    0.00000000000000            12
    0.25454545454546    0.16363636363636    0.00000000000000            12
    0.27272727272727    0.16363636363636    0.00000000000000            12
    0.29090909090909    0.16363636363636    0.00000000000000            12
    0.30909090909091    0.16363636363636    0.00000000000000            12
    0.32727272727273    0.16363636363636    0.00000000000000            12
    0.34545454545454    0.16363636363636    0.00000000000000            12
    0.36363636363637    0.16363636363636    0.00000000000000            12
    0.38181818181818    0.16363636363636    0.00000000000000            12
    0.40000000000000    0.16363636363636    0.00000000000000            12
    0.41818181818182    0.16363636363636    0.00000000000000             6
    0.18181818181818    0.18181818181818    0.00000000000000             6
    0.20000000000000    0.18181818181818    0.00000000000000            12
    0.21818181818182    0.18181818181818    0.00000000000000            12
    0.23636363636363    0.18181818181818    0.00000000000000            12
    0.25454545454546    0.18181818181818    0.00000000000000            12
    0.27272727272727    0.18181818181818    0.00000000000000            12
    0.29090909090909    0.18181818181818    0.00000000000000            12
    0.30909090909091    0.18181818181818    0.00000000000000            12
    0.32727272727273    0.18181818181818    0.00000000000000            12
    0.34545454545454    0.18181818181818    0.00000000000000            12
    0.36363636363637    0.18181818181818    0.00000000000000            12
    0.38181818181818    0.18181818181818    0.00000000000000            12
    0.40000000000000    0.18181818181818    0.00000000000000            12
    0.20000000000000    0.20000000000000    0.00000000000000             6
    0.21818181818182    0.20000000000000    0.00000000000000            12
    0.23636363636363    0.20000000000000    0.00000000000000            12
    0.25454545454546    0.20000000000000    0.00000000000000            12
    0.27272727272727    0.20000000000000    0.00000000000000            12
    0.29090909090909    0.20000000000000    0.00000000000000            12
    0.30909090909091    0.20000000000000    0.00000000000000            12
    0.32727272727273    0.20000000000000    0.00000000000000            12
    0.34545454545454    0.20000000000000    0.00000000000000            12
    0.36363636363637    0.20000000000000    0.00000000000000            12
    0.38181818181818    0.20000000000000    0.00000000000000            12
    0.40000000000000    0.20000000000000    0.00000000000000             6
    0.21818181818182    0.21818181818182    0.00000000000000             6
    0.23636363636363    0.21818181818182    0.00000000000000            12
    0.25454545454546    0.21818181818182    0.00000000000000            12
    0.27272727272727    0.21818181818182    0.00000000000000            12
    0.29090909090909    0.21818181818182    0.00000000000000            12
    0.30909090909091    0.21818181818182    0.00000000000000            12
    0.32727272727273    0.21818181818182    0.00000000000000            12
    0.34545454545454    0.21818181818182    0.00000000000000            12
    0.36363636363637    0.21818181818182    0.00000000000000            12
    0.38181818181818    0.21818181818182    0.00000000000000            12
    0.23636363636363    0.23636363636363    0.00000000000000             6
    0.25454545454546    0.23636363636363    0.00000000000000            12
    0.27272727272727    0.23636363636363    0.00000000000000            12
    0.29090909090909    0.23636363636363    0.00000000000000            12
    0.30909090909091    0.23636363636363    0.00000000000000            12
    0.32727272727273    0.23636363636363    0.00000000000000            12
    0.34545454545454    0.23636363636363    0.00000000000000            12
    0.36363636363637    0.23636363636363    0.00000000000000            12
    0.38181818181818    0.23636363636363    0.00000000000000             6
    0.25454545454546    0.25454545454546    0.00000000000000             6
    0.27272727272727    0.25454545454546    0.00000000000000            12
    0.29090909090909    0.25454545454546    0.00000000000000            12
    0.30909090909091    0.25454545454546    0.00000000000000            12
    0.32727272727273    0.25454545454546    0.00000000000000            12
    0.34545454545454    0.25454545454546    0.00000000000000            12
    0.36363636363637    0.25454545454546    0.00000000000000            12
    0.27272727272727    0.27272727272727    0.00000000000000             6
    0.29090909090909    0.27272727272727    0.00000000000000            12
    0.30909090909091    0.27272727272727    0.00000000000000            12
    0.32727272727273    0.27272727272727    0.00000000000000            12
    0.34545454545454    0.27272727272727    0.00000000000000            12
    0.36363636363637    0.27272727272727    0.00000000000000             6
    0.29090909090909    0.29090909090909    0.00000000000000             6
    0.30909090909091    0.29090909090909    0.00000000000000            12
    0.32727272727273    0.29090909090909    0.00000000000000            12
    0.34545454545454    0.29090909090909    0.00000000000000            12
    0.30909090909091    0.30909090909091    0.00000000000000             6
    0.32727272727273    0.30909090909091    0.00000000000000            12
    0.34545454545454    0.30909090909091    0.00000000000000             6
    0.32727272727273    0.32727272727273    0.00000000000000             6
