Automatically generated mesh
      16
Reciprocal lattice
    0.00000000000000    0.00000000000000    0.00000000000000             1
    0.09090909090909    0.00000000000000    0.00000000000000             6
    0.18181818181818    0.00000000000000    0.00000000000000             6
    0.27272727272727    0.00000000000000    0.00000000000000             6
    0.36363636363637    0.00000000000000    0.00000000000000             6
    0.45454545454545    0.00000000000000    0.00000000000000             6
    0.09090909090909    0.09090909090909    0.00000000000000             6
    0.18181818181818    0.09090909090909    0.00000000000000            12
    0.27272727272727    0.09090909090909    0.00000000000000            12
    0.36363636363637    0.09090909090909    0.00000000000000            12
    0.45454545454545    0.09090909090909    0.00000000000000             6
    0.18181818181818    0.18181818181818    0.00000000000000             6
    0.27272727272727    0.18181818181818    0.00000000000000            12
    0.36363636363637    0.18181818181818    0.00000000000000            12
    0.27272727272727    0.27272727272727    0.00000000000000             6
    0.36363636363637    0.27272727272727    0.00000000000000             6
