Automatically generated mesh
     113
Reciprocal lattice
    0.00000000000000    0.00000000000000    0.00000000000000             1
    0.06666666666667    0.00000000000000    0.00000000000000             2
    0.00000000000000    0.06666666666667    0.00000000000000             2
   -0.06666666666667    0.06666666666667    0.00000000000000             2
    0.13333333333333    0.00000000000000    0.00000000000000             2
    0.00000000000000    0.13333333333333    0.00000000000000             2
   -0.13333333333333    0.13333333333333    0.00000000000000             2
    0.20000000000000    0.00000000000000    0.00000000000000             2
    0.00000000000000    0.20000000000000    0.00000000000000             2
   -0.20000000000000    0.20000000000000    0.00000000000000             2
    0.26666666666667    0.00000000000000    0.00000000000000             2
    0.00000000000000    0.26666666666667    0.00000000000000             2
   -0.26666666666667    0.26666666666667    0.00000000000000             2
    0.33333333333334    0.00000000000000    0.00000000000000             2
    0.00000000000000    0.33333333333334    0.00000000000000             2
   -0.33333333333334    0.33333333333334    0.00000000000000             2
    0.40000000000000    0.00000000000000    0.00000000000000             2
    0.00000000000000    0.40000000000000    0.00000000000000             2
   -0.40000000000000    0.40000000000000    0.00000000000000             2
    0.46666666666667    0.00000000000000    0.00000000000000             2
    0.00000000000000    0.46666666666667    0.00000000000000             2
   -0.46666666666667    0.46666666666667    0.00000000000000             2
    0.06666666666667    0.06666666666667    0.00000000000000             2
   -0.06666666666667    0.13333333333334    0.00000000000000             2
   -0.13333333333334    0.06666666666667    0.00000000000000             2
    0.13333333333333    0.06666666666667    0.00000000000000             2
   -0.06666666666667    0.20000000000000    0.00000000000000             2
   -0.20000000000000    0.13333333333333    0.00000000000000             2
   -0.13333333333333    0.20000000000000    0.00000000000000             2
    0.06666666666667    0.13333333333333    0.00000000000000             2
    0.20000000000000   -0.06666666666667    0.00000000000000             2
    0.20000000000000    0.06666666666667    0.00000000000000             2
   -0.06666666666667    0.26666666666667    0.00000000000000             2
   -0.26666666666667    0.20000000000000    0.00000000000000             2
   -0.20000000000000    0.26666666666667    0.00000000000000             2
    0.06666666666667    0.20000000000000    0.00000000000000             2
    0.26666666666667   -0.06666666666667    0.00000000000000             2
    0.26666666666667    0.06666666666667    0.00000000000000             2
   -0.06666666666667    0.33333333333334    0.00000000000000             2
   -0.33333333333334    0.26666666666667    0.00000000000000             2
   -0.26666666666667    0.33333333333334    0.00000000000000             2
    0.06666666666667    0.26666666666667    0.00000000000000             2
    0.33333333333334   -0.06666666666667    0.00000000000000             2
    0.33333333333334    0.06666666666667    0.00000000000000             2
   -0.06666666666667    0.40000000000001    0.00000000000000             2
   -0.40000000000001    0.33333333333334    0.00000000000000             2
   -0.33333333333334    0.40000000000001    0.00000000000000             2
    0.06666666666667    0.33333333333334    0.00000000000000             2
    0.40000000000001   -0.06666666666667    0.00000000000000             2
    0.40000000000000    0.06666666666667    0.00000000000000             2
   -0.06666666666667    0.46666666666667    0.00000000000000             2
   -0.46666666666667    0.40000000000000    0.00000000000000             2
   -0.40000000000000    0.46666666666667    0.00000000000000             2
    0.06666666666667    0.40000000000000    0.00000000000000             2
    0.46666666666667   -0.06666666666667    0.00000000000000             2
    0.46666666666667    0.06666666666667    0.00000000000000             2
   -0.06666666666667   -0.46666666666666    0.00000000000000             2
    0.46666666666666    0.46666666666667    0.00000000000000             2
    0.13333333333333    0.13333333333333    0.00000000000000             2
   -0.13333333333333    0.26666666666667    0.00000000000000             2
   -0.26666666666667    0.13333333333333    0.00000000000000             2
    0.20000000000000    0.13333333333333    0.00000000000000             2
   -0.13333333333333    0.33333333333334    0.00000000000000             2
   -0.33333333333334    0.20000000000000    0.00000000000000             2
   -0.20000000000000    0.33333333333334    0.00000000000000             2
    0.13333333333333    0.20000000000000    0.00000000000000             2
    0.33333333333334   -0.13333333333333    0.00000000000000             2
    0.26666666666667    0.13333333333333    0.00000000000000             2
   -0.13333333333333    0.40000000000000    0.00000000000000             2
   -0.40000000000000    0.26666666666667    0.00000000000000             2
   -0.26666666666667    0.40000000000000    0.00000000000000             2
    0.13333333333333    0.26666666666667    0.00000000000000             2
    0.40000000000000   -0.13333333333333    0.00000000000000             2
    0.33333333333334    0.13333333333333    0.00000000000000             2
   -0.13333333333333    0.46666666666667    0.00000000000000             2
   -0.46666666666667    0.33333333333334    0.00000000000000             2
   -0.33333333333334    0.46666666666667    0.00000000000000             2
    0.13333333333333    0.33333333333334    0.00000000000000             2
    0.46666666666667   -0.13333333333333    0.00000000000000             2
    0.40000000000000    0.13333333333333    0.00000000000000             2
   -0.13333333333333   -0.46666666666667    0.00000000000000             2
    0.46666666666667    0.40000000000000    0.00000000000000             2
   -0.40000000000000   -0.46666666666667    0.00000000000000             2
    0.13333333333333    0.40000000000000    0.00000000000000             2
   -0.46666666666667   -0.13333333333333    0.00000000000000             2
    0.20000000000000    0.20000000000000    0.00000000000000             2
   -0.20000000000000    0.40000000000001    0.00000000000000             2
   -0.40000000000001    0.20000000000000    0.00000000000000             2
    0.26666666666667    0.20000000000000    0.00000000000000             2
   -0.20000000000000    0.46666666666667    0.00000000000000             2
   -0.46666666666667    0.26666666666667    0.00000000000000             2
   -0.26666666666667    0.46666666666667    0.00000000000000             2
    0.20000000000000    0.26666666666667    0.00000000000000             2
    0.46666666666667   -0.20000000000000    0.00000000000000             2
    0.33333333333334    0.20000000000000    0.00000000000000             2
   -0.20000000000000   -0.46666666666666    0.00000000000000             2
    0.46666666666666    0.33333333333334    0.00000000000000             2
   -0.33333333333334   -0.46666666666666    0.00000000000000             2
    0.20000000000000    0.33333333333334    0.00000000000000             2
   -0.46666666666666   -0.20000000000000    0.00000000000000             2
    0.40000000000000    0.20000000000000    0.00000000000000             2
   -0.20000000000000   -0.40000000000000    0.00000000000000             2
    0.40000000000000    0.40000000000000    0.00000000000000             2
    0.26666666666667    0.26666666666667    0.00000000000000             2
   -0.26666666666667   -0.46666666666667    0.00000000000000             2
    0.46666666666667    0.26666666666667    0.00000000000000             2
    0.33333333333334    0.26666666666667    0.00000000000000             2
   -0.26666666666667   -0.40000000000000    0.00000000000000             2
    0.40000000000000    0.33333333333334    0.00000000000000             2
   -0.33333333333334   -0.40000000000000    0.00000000000000             2
    0.26666666666667    0.33333333333334    0.00000000000000             2
   -0.40000000000000   -0.26666666666667    0.00000000000000             2
    0.33333333333334    0.33333333333334    0.00000000000000             2
