Automatically generated mesh
      61
Reciprocal lattice
    0.00000000000000    0.00000000000000    0.00000000000000             1
    0.09090909090909    0.00000000000000    0.00000000000000             2
    0.00000000000000    0.09090909090909    0.00000000000000             2
   -0.09090909090909    0.09090909090909    0.00000000000000             2
    0.18181818181818    0.00000000000000    0.00000000000000             2
    0.00000000000000    0.18181818181818    0.00000000000000             2
   -0.18181818181818    0.18181818181818    0.00000000000000             2
    0.27272727272727    0.00000000000000    0.00000000000000             2
    0.00000000000000    0.27272727272727    0.00000000000000             2
   -0.27272727272727    0.27272727272727    0.00000000000000             2
    0.36363636363637    0.00000000000000    0.00000000000000             2
    0.00000000000000    0.36363636363637    0.00000000000000             2
   -0.36363636363637    0.36363636363637    0.00000000000000             2
    0.45454545454545    0.00000000000000    0.00000000000000             2
    0.00000000000000    0.45454545454545    0.00000000000000             2
   -0.45454545454545    0.45454545454545    0.00000000000000             2
    0.09090909090909    0.09090909090909    0.00000000000000             2
   -0.09090909090909    0.18181818181819    0.00000000000000             2
   -0.18181818181819    0.09090909090909    0.00000000000000             2
    0.18181818181818    0.09090909090909    0.00000000000000             2
   -0.09090909090909    0.27272727272727    0.00000000000000             2
   -0.27272727272727    0.18181818181818    0.00000000000000             2
   -0.18181818181818    0.27272727272727    0.00000000000000             2
    0.09090909090909    0.18181818181818    0.00000000000000             2
    0.27272727272727   -0.09090909090909    0.00000000000000             2
    0.27272727272727    0.09090909090909    0.00000000000000             2
   -0.09090909090909    0.36363636363637    0.00000000000000             2
   -0.36363636363637    0.27272727272727    0.00000000000000             2
   -0.27272727272727    0.36363636363637    0.00000000000000             2
    0.09090909090909    0.27272727272727    0.00000000000000             2
    0.36363636363637   -0.09090909090909    0.00000000000000             2
    0.36363636363637    0.09090909090909    0.00000000000000             2
   -0.09090909090909    0.45454545454546    0.00000000000000             2
   -0.45454545454546    0.36363636363637    0.00000000000000             2
   -0.36363636363637    0.45454545454546    0.00000000000000             2
    0.09090909090909    0.36363636363637    0.00000000000000             2
    0.45454545454546   -0.09090909090909    0.00000000000000             2
    0.45454545454545    0.09090909090909    0.00000000000000             2
   -0.09090909090909   -0.45454545454545    0.00000000000000             2
    0.45454545454545    0.45454545454545    0.00000000000000             2
    0.18181818181818    0.18181818181818    0.00000000000000             2
   -0.18181818181818    0.36363636363636    0.00000000000000             2
   -0.36363636363636    0.18181818181818    0.00000000000000             2
    0.27272727272727    0.18181818181818    0.00000000000000             2
   -0.18181818181818    0.45454545454545    0.00000000000000             2
   -0.45454545454545    0.27272727272727    0.00000000000000             2
   -0.27272727272727    0.45454545454545    0.00000000000000             2
    0.18181818181818    0.27272727272727    0.00000000000000             2
    0.45454545454545   -0.18181818181818    0.00000000000000             2
    0.36363636363637    0.18181818181818    0.00000000000000             2
   -0.18181818181818   -0.45454545454545    0.00000000000000             2
    0.45454545454545    0.36363636363637    0.00000000000000             2
   -0.36363636363637   -0.45454545454545    0.00000000000000             2
    0.18181818181818    0.36363636363637    0.00000000000000             2
   -0.45454545454545   -0.18181818181818    0.00000000000000             2
    0.27272727272727    0.27272727272727    0.00000000000000             2
   -0.27272727272727   -0.45454545454545    0.00000000000000             2
    0.45454545454545    0.27272727272727    0.00000000000000             2
    0.36363636363637    0.27272727272727    0.00000000000000             2
   -0.27272727272727   -0.36363636363636    0.00000000000000             2
    0.36363636363636    0.36363636363637    0.00000000000000             2
