Automatically generated mesh
     221
Reciprocal lattice
    0.00000000000000    0.00000000000000    0.00000000000000             1
    0.04761904761905   -0.00000000000000    0.00000000000000             2
    0.00000000000000    0.04761904761905    0.00000000000000             2
   -0.04761904761905    0.04761904761905    0.00000000000000             2
    0.09523809523809    0.00000000000000    0.00000000000000             2
    0.00000000000000    0.09523809523809    0.00000000000000             2
   -0.09523809523809    0.09523809523809    0.00000000000000             2
    0.14285714285715    0.00000000000000    0.00000000000000             2
   -0.00000000000000    0.14285714285715    0.00000000000000             2
   -0.14285714285715    0.14285714285715    0.00000000000000             2
    0.19047619047619    0.00000000000000    0.00000000000000             2
    0.00000000000000    0.19047619047619    0.00000000000000             2
   -0.19047619047619    0.19047619047619    0.00000000000000             2
    0.23809523809524    0.00000000000000    0.00000000000000             2
   -0.00000000000000    0.23809523809524    0.00000000000000             2
   -0.23809523809524    0.23809523809524    0.00000000000000             2
    0.28571428571428    0.00000000000000    0.00000000000000             2
    0.00000000000000    0.28571428571428    0.00000000000000             2
   -0.28571428571428    0.28571428571428    0.00000000000000             2
    0.33333333333334    0.00000000000000    0.00000000000000             2
    0.00000000000000    0.33333333333334    0.00000000000000             2
   -0.33333333333334    0.33333333333334    0.00000000000000             2
    0.38095238095238    0.00000000000000    0.00000000000000             2
    0.00000000000000    0.38095238095238    0.00000000000000             2
   -0.38095238095238    0.38095238095238    0.00000000000000             2
    0.42857142857143    0.00000000000000    0.00000000000000             2
    0.00000000000000    0.42857142857143    0.00000000000000             2
   -0.42857142857143    0.42857142857143    0.00000000000000             2
    0.47619047619047    0.00000000000000    0.00000000000000             2
    0.00000000000000    0.47619047619047    0.00000000000000             2
   -0.47619047619047    0.47619047619047    0.00000000000000             2
    0.04761904761905    0.04761904761905    0.00000000000000             2
   -0.04761904761905    0.09523809523810    0.00000000000000             2
   -0.09523809523810    0.04761904761905    0.00000000000000             2
    0.09523809523809    0.04761904761905    0.00000000000000             2
   -0.04761904761905    0.14285714285715    0.00000000000000             2
   -0.14285714285715    0.09523809523809    0.00000000000000             2
   -0.09523809523809    0.14285714285715    0.00000000000000             2
    0.04761904761905    0.09523809523809    0.00000000000000             2
    0.14285714285715   -0.04761904761905    0.00000000000000             2
    0.14285714285715    0.04761904761905    0.00000000000000             2
   -0.04761904761905    0.19047619047620    0.00000000000000             2
   -0.19047619047620    0.14285714285715    0.00000000000000             2
   -0.14285714285715    0.19047619047620    0.00000000000000             2
    0.04761904761905    0.14285714285715    0.00000000000000             2
    0.19047619047620   -0.04761904761905    0.00000000000000             2
    0.19047619047619    0.04761904761905    0.00000000000000             2
   -0.04761904761905    0.23809523809524    0.00000000000000             2
   -0.23809523809524    0.19047619047619    0.00000000000000             2
   -0.19047619047619    0.23809523809524    0.00000000000000             2
    0.04761904761905    0.19047619047619    0.00000000000000             2
    0.23809523809524   -0.04761904761905    0.00000000000000             2
    0.23809523809524    0.04761904761905    0.00000000000000             2
   -0.04761904761905    0.28571428571429    0.00000000000000             2
   -0.28571428571429    0.23809523809524    0.00000000000000             2
   -0.23809523809524    0.28571428571429    0.00000000000000             2
    0.04761904761905    0.23809523809524    0.00000000000000             2
    0.28571428571429   -0.04761904761905    0.00000000000000             2
    0.28571428571428    0.04761904761905    0.00000000000000             2
   -0.04761904761905    0.33333333333334    0.00000000000000             2
   -0.33333333333334    0.28571428571428    0.00000000000000             2
   -0.28571428571428    0.33333333333334    0.00000000000000             2
    0.04761904761905    0.28571428571428    0.00000000000000             2
    0.33333333333334   -0.04761904761905    0.00000000000000             2
    0.33333333333334    0.04761904761905    0.00000000000000             2
   -0.04761904761905    0.38095238095239    0.00000000000000             2
   -0.38095238095239    0.33333333333334    0.00000000000000             2
   -0.33333333333334    0.38095238095239    0.00000000000000             2
    0.04761904761905    0.33333333333334    0.00000000000000             2
    0.38095238095239   -0.04761904761905    0.00000000000000             2
    0.38095238095238    0.04761904761905    0.00000000000000             2
   -0.04761904761905    0.42857142857143    0.00000000000000             2
   -0.42857142857143    0.38095238095238    0.00000000000000             2
   -0.38095238095238    0.42857142857143    0.00000000000000             2
    0.04761904761905    0.38095238095238    0.00000000000000             2
    0.42857142857143   -0.04761904761905    0.00000000000000             2
    0.42857142857143    0.04761904761905    0.00000000000000             2
   -0.04761904761905    0.47619047619048    0.00000000000000             2
   -0.47619047619048    0.42857142857143    0.00000000000000             2
   -0.42857142857143    0.47619047619048    0.00000000000000             2
    0.04761904761905    0.42857142857143    0.00000000000000             2
    0.47619047619048   -0.04761904761905    0.00000000000000             2
    0.47619047619047    0.04761904761905    0.00000000000000             2
   -0.04761904761905   -0.47619047619047    0.00000000000000             2
    0.47619047619047    0.47619047619047    0.00000000000000             2
    0.09523809523809    0.09523809523809    0.00000000000000             2
   -0.09523809523809    0.19047619047619    0.00000000000000             2
   -0.19047619047619    0.09523809523809    0.00000000000000             2
    0.14285714285715    0.09523809523809    0.00000000000000             2
   -0.09523809523809    0.23809523809524    0.00000000000000             2
   -0.23809523809524    0.14285714285715    0.00000000000000             2
   -0.14285714285715    0.23809523809524    0.00000000000000             2
    0.09523809523809    0.14285714285715    0.00000000000000             2
    0.23809523809524   -0.09523809523809    0.00000000000000             2
    0.19047619047619    0.09523809523809    0.00000000000000             2
   -0.09523809523809    0.28571428571428    0.00000000000000             2
   -0.28571428571428    0.19047619047619    0.00000000000000             2
   -0.19047619047619    0.28571428571428    0.00000000000000             2
    0.09523809523809    0.19047619047619    0.00000000000000             2
    0.28571428571428   -0.09523809523809    0.00000000000000             2
    0.23809523809524    0.09523809523809    0.00000000000000             2
   -0.09523809523809    0.33333333333334    0.00000000000000             2
   -0.33333333333334    0.23809523809524    0.00000000000000             2
   -0.23809523809524    0.33333333333334    0.00000000000000             2
    0.09523809523809    0.23809523809524    0.00000000000000             2
    0.33333333333334   -0.09523809523809    0.00000000000000             2
    0.28571428571428    0.09523809523809    0.00000000000000             2
   -0.09523809523809    0.38095238095238    0.00000000000000             2
   -0.38095238095238    0.28571428571428    0.00000000000000             2
   -0.28571428571428    0.38095238095238    0.00000000000000             2
    0.09523809523809    0.28571428571428    0.00000000000000             2
    0.38095238095238   -0.09523809523809    0.00000000000000             2
    0.33333333333334    0.09523809523809    0.00000000000000             2
   -0.09523809523809    0.42857142857143    0.00000000000000             2
   -0.42857142857143    0.33333333333334    0.00000000000000             2
   -0.33333333333334    0.42857142857143    0.00000000000000             2
    0.09523809523809    0.33333333333334    0.00000000000000             2
    0.42857142857143   -0.09523809523809    0.00000000000000             2
    0.38095238095238    0.09523809523809    0.00000000000000             2
   -0.09523809523809    0.47619047619047    0.00000000000000             2
   -0.47619047619047    0.38095238095238    0.00000000000000             2
   -0.38095238095238    0.47619047619047    0.00000000000000             2
    0.09523809523809    0.38095238095238    0.00000000000000             2
    0.47619047619047   -0.09523809523809    0.00000000000000             2
    0.42857142857143    0.09523809523809    0.00000000000000             2
   -0.09523809523809   -0.47619047619047    0.00000000000000             2
    0.47619047619047    0.42857142857143    0.00000000000000             2
   -0.42857142857143   -0.47619047619047    0.00000000000000             2
    0.09523809523809    0.42857142857143    0.00000000000000             2
   -0.47619047619047   -0.09523809523809    0.00000000000000             2
    0.14285714285715    0.14285714285715    0.00000000000000             2
   -0.14285714285715    0.28571428571429    0.00000000000000             2
   -0.28571428571429    0.14285714285715    0.00000000000000             2
    0.19047619047619    0.14285714285715    0.00000000000000             2
   -0.14285714285715    0.33333333333334    0.00000000000000             2
   -0.33333333333334    0.19047619047619    0.00000000000000             2
   -0.19047619047619    0.33333333333334    0.00000000000000             2
    0.14285714285715    0.19047619047619    0.00000000000000             2
    0.33333333333334   -0.14285714285715    0.00000000000000             2
    0.23809523809524    0.14285714285715    0.00000000000000             2
   -0.14285714285715    0.38095238095239    0.00000000000000             2
   -0.38095238095239    0.23809523809524    0.00000000000000             2
   -0.23809523809524    0.38095238095239    0.00000000000000             2
    0.14285714285715    0.23809523809524    0.00000000000000             2
    0.38095238095239   -0.14285714285715    0.00000000000000             2
    0.28571428571428    0.14285714285715    0.00000000000000             2
   -0.14285714285715    0.42857142857143    0.00000000000000             2
   -0.42857142857143    0.28571428571428    0.00000000000000             2
   -0.28571428571428    0.42857142857143    0.00000000000000             2
    0.14285714285715    0.28571428571428    0.00000000000000             2
    0.42857142857143   -0.14285714285715    0.00000000000000             2
    0.33333333333334    0.14285714285715    0.00000000000000             2
   -0.14285714285715    0.47619047619048    0.00000000000000             2
   -0.47619047619048    0.33333333333334    0.00000000000000             2
   -0.33333333333334    0.47619047619048    0.00000000000000             2
    0.14285714285715    0.33333333333334    0.00000000000000             2
    0.47619047619048   -0.14285714285715    0.00000000000000             2
    0.38095238095238    0.14285714285715    0.00000000000000             2
   -0.14285714285715   -0.47619047619047    0.00000000000000             2
    0.47619047619047    0.38095238095238    0.00000000000000             2
   -0.38095238095238   -0.47619047619047    0.00000000000000             2
    0.14285714285715    0.38095238095238    0.00000000000000             2
   -0.47619047619047   -0.14285714285715    0.00000000000000             2
    0.42857142857143    0.14285714285715    0.00000000000000             2
   -0.14285714285715   -0.42857142857142    0.00000000000000             2
    0.42857142857142    0.42857142857143    0.00000000000000             2
    0.19047619047619    0.19047619047619    0.00000000000000             2
   -0.19047619047619    0.38095238095238    0.00000000000000             2
   -0.38095238095238    0.19047619047619    0.00000000000000             2
    0.23809523809524    0.19047619047619    0.00000000000000             2
   -0.19047619047619    0.42857142857143    0.00000000000000             2
   -0.42857142857143    0.23809523809524    0.00000000000000             2
   -0.23809523809524    0.42857142857143    0.00000000000000             2
    0.19047619047619    0.23809523809524    0.00000000000000             2
    0.42857142857143   -0.19047619047619    0.00000000000000             2
    0.28571428571428    0.19047619047619    0.00000000000000             2
   -0.19047619047619    0.47619047619047    0.00000000000000             2
   -0.47619047619047    0.28571428571428    0.00000000000000             2
   -0.28571428571428    0.47619047619047    0.00000000000000             2
    0.19047619047619    0.28571428571428    0.00000000000000             2
    0.47619047619047   -0.19047619047619    0.00000000000000             2
    0.33333333333334    0.19047619047619    0.00000000000000             2
   -0.19047619047619   -0.47619047619047    0.00000000000000             2
    0.47619047619047    0.33333333333334    0.00000000000000             2
   -0.33333333333334   -0.47619047619047    0.00000000000000             2
    0.19047619047619    0.33333333333334    0.00000000000000             2
   -0.47619047619047   -0.19047619047619    0.00000000000000             2
    0.38095238095238    0.19047619047619    0.00000000000000             2
   -0.19047619047619   -0.42857142857143    0.00000000000000             2
    0.42857142857143    0.38095238095238    0.00000000000000             2
   -0.38095238095238   -0.42857142857143    0.00000000000000             2
    0.19047619047619    0.38095238095238    0.00000000000000             2
   -0.42857142857143   -0.19047619047619    0.00000000000000             2
    0.23809523809524    0.23809523809524    0.00000000000000             2
   -0.23809523809524    0.47619047619048    0.00000000000000             2
   -0.47619047619048    0.23809523809524    0.00000000000000             2
    0.28571428571428    0.23809523809524    0.00000000000000             2
   -0.23809523809524   -0.47619047619047    0.00000000000000             2
    0.47619047619047    0.28571428571428    0.00000000000000             2
   -0.28571428571428   -0.47619047619047    0.00000000000000             2
    0.23809523809524    0.28571428571428    0.00000000000000             2
   -0.47619047619047   -0.23809523809524    0.00000000000000             2
    0.33333333333334    0.23809523809524    0.00000000000000             2
   -0.23809523809524   -0.42857142857142    0.00000000000000             2
    0.42857142857142    0.33333333333334    0.00000000000000             2
   -0.33333333333334   -0.42857142857142    0.00000000000000             2
    0.23809523809524    0.33333333333334    0.00000000000000             2
   -0.42857142857142   -0.23809523809524    0.00000000000000             2
    0.38095238095238    0.23809523809524    0.00000000000000             2
   -0.23809523809524   -0.38095238095238    0.00000000000000             2
    0.38095238095238    0.38095238095238    0.00000000000000             2
    0.28571428571428    0.28571428571428    0.00000000000000             2
   -0.28571428571428   -0.42857142857143    0.00000000000000             2
    0.42857142857143    0.28571428571428    0.00000000000000             2
    0.33333333333334    0.28571428571428    0.00000000000000             2
   -0.28571428571428   -0.38095238095238    0.00000000000000             2
    0.38095238095238    0.33333333333334    0.00000000000000             2
   -0.33333333333334   -0.38095238095238    0.00000000000000             2
    0.28571428571428    0.33333333333334    0.00000000000000             2
   -0.38095238095238   -0.28571428571428    0.00000000000000             2
    0.33333333333334    0.33333333333334    0.00000000000000             2
Tetrahedra
      1320    0.00037792894936
         2         3         6        33        33
         2         3         4        33        33
         2         3         4         4        33
         2         3         6         6        33
         2         3         3         6        33
         2         3         3         4        33
         2         6         9        36        36
         2         6        33        36        36
         2         6        33        33        36
         2         6         9         9        36
         2         6         6         9        36
         2         6         6        33        36
         2         9        12        42        42
         2         9        36        42        42
         2         9        36        36        42
         2         9        12        12        42
         2         9         9        12        42
         2         9         9        36        42
         2        12        15        48        48
         2        12        42        48        48
         2        12        42        42        48
         2        12        15        15        48
         2        12        12        15        48
         2        12        12        42        48
         2        15        18        54        54
         2        15        48        54        54
         2        15        48        48        54
         2        15        18        18        54
         2        15        15        18        54
         2        15        15        48        54
         2        18        21        60        60
         2        18        54        60        60
         2        18        54        54        60
         2        18        21        21        60
         2        18        18        21        60
         2        18        18        54        60
         2        21        24        66        66
         2        21        60        66        66
         2        21        60        60        66
         2        21        24        24        66
         2        21        21        24        66
         2        21        21        60        66
         2        24        27        72        72
         2        24        66        72        72
         2        24        66        66        72
         2        24        27        27        72
         2        24        24        27        72
         2        24        24        66        72
         2        27        30        78        78
         2        27        72        78        78
         2        27        72        72        78
         2        27        30        30        78
         2        27        27        30        78
         2        27        27        72        78
         2        30        30        84        84
         2        30        78        84        84
         2        30        78        78        84
         4        30        30        30        84
         2        30        30        78        84
         2        27        30        81        81
         2        30        81        81        84
         2        30        81        84        84
         2        27        27        30        81
         2        27        30        30        81
         2        30        30        81        84
         2        24        27        75        75
         2        27        75        75        81
         2        27        75        81        81
         2        24        24        27        75
         2        24        27        27        75
         2        27        27        75        81
         2        21        24        69        69
         2        24        69        69        75
         2        24        69        75        75
         2        21        21        24        69
         2        21        24        24        69
         2        24        24        69        75
         2        18        21        63        63
         2        21        63        63        69
         2        21        63        69        69
         2        18        18        21        63
         2        18        21        21        63
         2        21        21        63        69
         2        15        18        57        57
         2        18        57        57        63
         2        18        57        63        63
         2        15        15        18        57
         2        15        18        18        57
         2        18        18        57        63
         2        12        15        51        51
         2        15        51        51        57
         2        15        51        57        57
         2        12        12        15        51
         2        12        15        15        51
         2        15        15        51        57
         2         9        12        45        45
         2        12        45        45        51
         2        12        45        51        51
         2         9         9        12        45
         2         9        12        12        45
         2        12        12        45        51
         2         6         9        39        39
         2         9        39        39        45
         2         9        39        45        45
         2         6         6         9        39
         2         6         9         9        39
         2         9         9        39        45
         2         3         6        32        32
         2         6        32        32        39
         2         6        32        39        39
         2         3         3         6        32
         2         3         6         6        32
         2         6         6        32        39
         2         1         2         2         3
         2         2         2         3        32
         2         2         3        32        32
         2         1         1         2         3
         2         1         2         3         3
         2         2         3         3        32
         2         1         3         4         4
         2         1         2         4         4
         2         1         2         2         4
         2         1         3         3         4
         2         1         1         3         4
         2         1         1         2         4
         2         4         7         7        33
         2         4         7         7        34
         2         4         7        34        34
         2         4         7        33        33
         2         4         4         7        33
         2         4         4         7        34
         2        33        36        38        38
         2         7        33        38        38
         2         7         7        33        38
         2        33        36        36        38
         2        33        33        36        38
         2         7        33        33        38
         2        36        42        87        87
         2        36        38        87        87
         2        36        38        38        87
         2        36        42        42        87
         2        36        36        42        87
         2        36        36        38        87
         2        42        48        90        90
         2        42        87        90        90
         2        42        87        87        90
         2        42        48        48        90
         2        42        42        48        90
         2        42        42        87        90
         2        48        54        96        96
         2        48        90        96        96
         2        48        90        90        96
         2        48        54        54        96
         2        48        48        54        96
         2        48        48        90        96
         2        54        60       102       102
         2        54        96       102       102
         2        54        96        96       102
         2        54        60        60       102
         2        54        54        60       102
         2        54        54        96       102
         2        60        66       108       108
         2        60       102       108       108
         2        60       102       102       108
         2        60        66        66       108
         2        60        60        66       108
         2        60        60       102       108
         2        66        72       114       114
         2        66       108       114       114
         2        66       108       108       114
         2        66        72        72       114
         2        66        66        72       114
         2        66        66       108       114
         2        72        78       120       120
         2        72       114       120       120
         2        72       114       114       120
         2        72        78        78       120
         2        72        72        78       120
         2        72        72       114       120
         2        78        84       126       126
         2        78       120       126       126
         2        78       120       120       126
         2        78        84        84       126
         2        78        78        84       126
         2        78        78       120       126
         2        81        84       129       129
         2        84       126       129       129
         2        84       126       126       129
         2        81        81        84       129
         2        81        84        84       129
         2        84        84       126       129
         2        75        81       123       123
         2        81       123       123       129
         2        81       123       129       129
         2        75        75        81       123
         2        75        81        81       123
         2        81        81       123       129
         2        69        75       117       117
         2        75       117       117       123
         2        75       117       123       123
         2        69        69        75       117
         2        69        75        75       117
         2        75        75       117       123
         2        63        69       111       111
         2        69       111       111       117
         2        69       111       117       117
         2        63        63        69       111
         2        63        69        69       111
         2        69        69       111       117
         2        57        63       105       105
         2        63       105       105       111
         2        63       105       111       111
         2        57        57        63       105
         2        57        63        63       105
         2        63        63       105       111
         2        51        57        99        99
         2        57        99        99       105
         2        57        99       105       105
         2        51        51        57        99
         2        51        57        57        99
         2        57        57        99       105
         2        45        51        93        93
         2        51        93        93        99
         2        51        93        99        99
         2        45        45        51        93
         2        45        51        51        93
         2        51        51        93        99
         2        39        45        86        86
         2        45        86        86        93
         2        45        86        93        93
         2        39        39        45        86
         2        39        45        45        86
         2        45        45        86        93
         2        32        35        35        39
         2        35        35        39        86
         2        35        39        86        86
         2        32        32        35        39
         2        32        35        39        39
         2        35        39        39        86
         2         2         5         5        32
         2         5         5        32        35
         2         5        32        35        35
         2         2         2         5        32
         2         2         5        32        32
         2         5        32        32        35
         2         2         4        34        34
         2         2         5        34        34
         2         2         5         5        34
         2         2         4         4        34
         2         2         2         4        34
         2         2         2         5        34
         2         7        34        37        37
         2        34        37        37        40
         2        34        37        40        40
         2         7         7        34        37
         2         7        34        34        37
         2        34        34        37        40
         2         7        10        10        38
         2         7        10        10        37
         2         7        10        37        37
         2         7        10        38        38
         2         7         7        10        38
         2         7         7        10        37
         2        38        44        44        87
         2        10        38        44        44
         2        10        10        38        44
         2        38        44        87        87
         2        38        38        44        87
         2        10        38        38        44
         2        87        90        92        92
         2        44        87        92        92
         2        44        44        87        92
         2        87        90        90        92
         2        87        87        90        92
         2        44        87        87        92
         2        90        96       132       132
         2        90        92       132       132
         2        90        92        92       132
         2        90        96        96       132
         2        90        90        96       132
         2        90        90        92       132
         2        96       102       135       135
         2        96       132       135       135
         2        96       132       132       135
         2        96       102       102       135
         2        96        96       102       135
         2        96        96       132       135
         2       102       108       141       141
         2       102       135       141       141
         2       102       135       135       141
         2       102       108       108       141
         2       102       102       108       141
         2       102       102       135       141
         2       108       114       147       147
         2       108       141       147       147
         2       108       141       141       147
         2       108       114       114       147
         2       108       108       114       147
         2       108       108       141       147
         2       114       120       153       153
         2       114       147       153       153
         2       114       147       147       153
         2       114       120       120       153
         2       114       114       120       153
         2       114       114       147       153
         2       120       126       159       159
         2       120       153       159       159
         2       120       153       153       159
         2       120       126       126       159
         2       120       120       126       159
         2       120       120       153       159
         2       126       129       165       165
         2       126       159       165       165
         2       126       159       159       165
         2       126       129       129       165
         2       126       126       129       165
         2       126       126       159       165
         2       123       129       162       162
         2       129       162       162       165
         2       129       162       165       165
         2       123       123       129       162
         2       123       129       129       162
         2       129       129       162       165
         2       117       123       156       156
         2       123       156       156       162
         2       123       156       162       162
         2       117       117       123       156
         2       117       123       123       156
         2       123       123       156       162
         2       111       117       150       150
         2       117       150       150       156
         2       117       150       156       156
         2       111       111       117       150
         2       111       117       117       150
         2       117       117       150       156
         2       105       111       144       144
         2       111       144       144       150
         2       111       144       150       150
         2       105       105       111       144
         2       105       111       111       144
         2       111       111       144       150
         2        99       105       138       138
         2       105       138       138       144
         2       105       138       144       144
         2        99        99       105       138
         2        99       105       105       138
         2       105       105       138       144
         2        93        99       131       131
         2        99       131       131       138
         2        99       131       138       138
         2        93        93        99       131
         2        93        99        99       131
         2        99        99       131       138
         2        86        89        89        93
         2        89        89        93       131
         2        89        93       131       131
         2        86        86        89        93
         2        86        89        93        93
         2        89        93        93       131
         2        35        41        41        86
         2        41        41        86        89
         2        41        86        89        89
         2        35        35        41        86
         2        35        41        86        86
         2        41        86        86        89
         2         5         8         8        35
         2         8         8        35        41
         2         8        35        41        41
         2         5         5         8        35
         2         5         8        35        35
         2         8        35        35        41
         2         5        34        40        40
         2         5         8        40        40
         2         5         8         8        40
         2         5        34        34        40
         2         5         5        34        40
         2         5         5         8        40
         2        37        40        88        88
         2        40        46        88        88
         2        40        46        46        88
         2        37        37        40        88
         2        37        40        40        88
         2        40        40        46        88
         2        10        37        43        43
         2        37        43        43        88
         2        37        43        88        88
         2        10        10        37        43
         2        10        37        37        43
         2        37        37        43        88
         2        10        13        13        44
         2        10        13        13        43
         2        10        13        43        43
         2        10        13        44        44
         2        10        10        13        44
         2        10        10        13        43
         2        44        50        50        92
         2        13        44        50        50
         2        13        13        44        50
         2        44        50        92        92
         2        44        44        50        92
         2        13        44        44        50
         2        92        98        98       132
         2        50        92        98        98
         2        50        50        92        98
         2        92        98       132       132
         2        92        92        98       132
         2        50        92        92        98
         2       132       135       137       137
         2        98       132       137       137
         2        98        98       132       137
         2       132       135       135       137
         2       132       132       135       137
         2        98       132       132       137
         2       135       141       168       168
         2       135       137       168       168
         2       135       137       137       168
         2       135       141       141       168
         2       135       135       141       168
         2       135       135       137       168
         2       141       147       171       171
         2       141       168       171       171
         2       141       168       168       171
         2       141       147       147       171
         2       141       141       147       171
         2       141       141       168       171
         2       147       153       177       177
         2       147       171       177       177
         2       147       171       171       177
         2       147       153       153       177
         2       147       147       153       177
         2       147       147       171       177
         2       153       159       183       183
         2       153       177       183       183
         2       153       177       177       183
         2       153       159       159       183
         2       153       153       159       183
         2       153       153       177       183
         2       159       165       189       189
         2       159       183       189       189
         2       159       183       183       189
         2       159       165       165       189
         2       159       159       165       189
         2       159       159       183       189
         2       162       165       192       192
         2       165       189       192       192
         2       165       189       189       192
         2       162       162       165       192
         2       162       165       165       192
         2       165       165       189       192
         2       156       162       186       186
         2       162       186       186       192
         2       162       186       192       192
         2       156       156       162       186
         2       156       162       162       186
         2       162       162       186       192
         2       150       156       180       180
         2       156       180       180       186
         2       156       180       186       186
         2       150       150       156       180
         2       150       156       156       180
         2       156       156       180       186
         2       144       150       174       174
         2       150       174       174       180
         2       150       174       180       180
         2       144       144       150       174
         2       144       150       150       174
         2       150       150       174       180
         2       138       144       167       167
         2       144       167       167       174
         2       144       167       174       174
         2       138       138       144       167
         2       138       144       144       167
         2       144       144       167       174
         2       131       134       134       138
         2       134       134       138       167
         2       134       138       167       167
         2       131       131       134       138
         2       131       134       138       138
         2       134       138       138       167
         2        89        95        95       131
         2        95        95       131       134
         2        95       131       134       134
         2        89        89        95       131
         2        89        95       131       131
         2        95       131       131       134
         2        41        47        47        89
         2        47        47        89        95
         2        47        89        95        95
         2        41        41        47        89
         2        41        47        89        89
         2        47        89        89        95
         2         8        11        11        41
         2        11        11        41        47
         2        11        41        47        47
         2         8         8        11        41
         2         8        11        41        41
         2        11        41        41        47
         2         8        40        46        46
         2         8        11        46        46
         2         8        11        11        46
         2         8        40        40        46
         2         8         8        40        46
         2         8         8        11        46
         2        46        88        94        94
         2        46        52        94        94
         2        46        52        52        94
         2        46        88        88        94
         2        46        46        88        94
         2        46        46        52        94
         2        43        88        91        91
         2        88        91        91        94
         2        88        91        94        94
         2        43        43        88        91
         2        43        88        88        91
         2        88        88        91        94
         2        13        43        49        49
         2        43        49        49        91
         2        43        49        91        91
         2        13        13        43        49
         2        13        43        43        49
         2        43        43        49        91
         2        13        16        16        50
         2        13        16        16        49
         2        13        16        49        49
         2        13        16        50        50
         2        13        13        16        50
         2        13        13        16        49
         2        50        56        56        98
         2        16        50        56        56
         2        16        16        50        56
         2        50        56        98        98
         2        50        50        56        98
         2        16        50        50        56
         2        98       104       104       137
         2        56        98       104       104
         2        56        56        98       104
         2        98       104       137       137
         2        98        98       104       137
         2        56        98        98       104
         2       137       143       143       168
         2       104       137       143       143
         2       104       104       137       143
         2       137       143       168       168
         2       137       137       143       168
         2       104       137       137       143
         2       168       171       173       173
         2       143       168       173       173
         2       143       143       168       173
         2       168       171       171       173
         2       168       168       171       173
         2       143       168       168       173
         2       171       177       195       195
         2       171       173       195       195
         2       171       173       173       195
         2       171       177       177       195
         2       171       171       177       195
         2       171       171       173       195
         2       177       183       198       198
         2       177       195       198       198
         2       177       195       195       198
         2       177       183       183       198
         2       177       177       183       198
         2       177       177       195       198
         2       183       189       204       204
         2       183       198       204       204
         2       183       198       198       204
         2       183       189       189       204
         2       183       183       189       204
         2       183       183       198       204
         2       189       192       210       210
         2       189       204       210       210
         2       189       204       204       210
         2       189       192       192       210
         2       189       189       192       210
         2       189       189       204       210
         2       186       192       207       207
         2       192       207       207       210
         2       192       207       210       210
         2       186       186       192       207
         2       186       192       192       207
         2       192       192       207       210
         2       180       186       201       201
         2       186       201       201       207
         2       186       201       207       207
         2       180       180       186       201
         2       180       186       186       201
         2       186       186       201       207
         2       174       180       194       194
         2       180       194       194       201
         2       180       194       201       201
         2       174       174       180       194
         2       174       180       180       194
         2       180       180       194       201
         2       167       170       170       174
         2       170       170       174       194
         2       170       174       194       194
         2       167       167       170       174
         2       167       170       174       174
         2       170       174       174       194
         2       134       140       140       167
         2       140       140       167       170
         2       140       167       170       170
         2       134       134       140       167
         2       134       140       167       167
         2       140       167       167       170
         2        95       101       101       134
         2       101       101       134       140
         2       101       134       140       140
         2        95        95       101       134
         2        95       101       134       134
         2       101       134       134       140
         2        47        53        53        95
         2        53        53        95       101
         2        53        95       101       101
         2        47        47        53        95
         2        47        53        95        95
         2        53        95        95       101
         2        11        14        14        47
         2        14        14        47        53
         2        14        47        53        53
         2        11        11        14        47
         2        11        14        47        47
         2        14        47        47        53
         2        11        46        52        52
         2        11        14        52        52
         2        11        14        14        52
         2        11        46        46        52
         2        11        11        46        52
         2        11        11        14        52
         2        52        94       100       100
         2        52        58       100       100
         2        52        58        58       100
         2        52        94        94       100
         2        52        52        94       100
         2        52        52        58       100
         2        91        94       133       133
         2        94       100       133       133
         2        94       100       100       133
         2        91        91        94       133
         2        91        94        94       133
         2        94        94       100       133
         2        49        91        97        97
         2        91        97        97       133
         2        91        97       133       133
         2        49        49        91        97
         2        49        91        91        97
         2        91        91        97       133
         2        16        49        55        55
         2        49        55        55        97
         2        49        55        97        97
         2        16        16        49        55
         2        16        49        49        55
         2        49        49        55        97
         2        16        19        19        56
         2        16        19        19        55
         2        16        19        55        55
         2        16        19        56        56
         2        16        16        19        56
         2        16        16        19        55
         2        56        62        62       104
         2        19        56        62        62
         2        19        19        56        62
         2        56        62       104       104
         2        56        56        62       104
         2        19        56        56        62
         2       104       110       110       143
         2        62       104       110       110
         2        62        62       104       110
         2       104       110       143       143
         2       104       104       110       143
         2        62       104       104       110
         2       143       149       149       173
         2       110       143       149       149
         2       110       110       143       149
         2       143       149       173       173
         2       143       143       149       173
         2       110       143       143       149
         2       173       179       179       195
         2       149       173       179       179
         2       149       149       173       179
         2       173       179       195       195
         2       173       173       179       195
         2       149       173       173       179
         2       195       198       200       200
         2       179       195       200       200
         2       179       179       195       200
         2       195       198       198       200
         2       195       195       198       200
         2       179       195       195       200
         2       198       204       213       213
         2       198       200       213       213
         2       198       200       200       213
         2       198       204       204       213
         2       198       198       204       213
         2       198       198       200       213
         2       204       210       216       216
         2       204       213       216       216
         2       204       213       213       216
         2       204       210       210       216
         2       204       204       210       216
         2       204       204       213       216
         2       207       210       219       219
         2       210       216       219       219
         2       210       216       216       219
         2       207       207       210       219
         2       207       210       210       219
         2       210       210       216       219
         2       201       207       212       212
         2       207       212       212       219
         2       207       212       219       219
         2       201       201       207       212
         2       201       207       207       212
         2       207       207       212       219
         2       194       197       197       201
         2       197       197       201       212
         2       197       201       212       212
         2       194       194       197       201
         2       194       197       201       201
         2       197       201       201       212
         2       170       176       176       194
         2       176       176       194       197
         2       176       194       197       197
         2       170       170       176       194
         2       170       176       194       194
         2       176       194       194       197
         2       140       146       146       170
         2       146       146       170       176
         2       146       170       176       176
         2       140       140       146       170
         2       140       146       170       170
         2       146       170       170       176
         2       101       107       107       140
         2       107       107       140       146
         2       107       140       146       146
         2       101       101       107       140
         2       101       107       140       140
         2       107       140       140       146
         2        53        59        59       101
         2        59        59       101       107
         2        59       101       107       107
         2        53        53        59       101
         2        53        59       101       101
         2        59       101       101       107
         2        14        17        17        53
         2        17        17        53        59
         2        17        53        59        59
         2        14        14        17        53
         2        14        17        53        53
         2        17        53        53        59
         2        14        52        58        58
         2        14        17        58        58
         2        14        17        17        58
         2        14        52        52        58
         2        14        14        52        58
         2        14        14        17        58
         2        58       100       106       106
         2        58        64       106       106
         2        58        64        64       106
         2        58       100       100       106
         2        58        58       100       106
         2        58        58        64       106
         2       100       133       139       139
         2       100       106       139       139
         2       100       106       106       139
         2       100       133       133       139
         2       100       100       133       139
         2       100       100       106       139
         2        97       133       136       136
         2       133       136       136       139
         2       133       136       139       139
         2        97        97       133       136
         2        97       133       133       136
         2       133       133       136       139
         2        55        97       103       103
         2        97       103       103       136
         2        97       103       136       136
         2        55        55        97       103
         2        55        97        97       103
         2        97        97       103       136
         2        19        55        61        61
         2        55        61        61       103
         2        55        61       103       103
         2        19        19        55        61
         2        19        55        55        61
         2        55        55        61       103
         2        19        22        22        62
         2        19        22        22        61
         2        19        22        61        61
         2        19        22        62        62
         2        19        19        22        62
         2        19        19        22        61
         2        62        68        68       110
         2        22        62        68        68
         2        22        22        62        68
         2        62        68       110       110
         2        62        62        68       110
         2        22        62        62        68
         2       110       116       116       149
         2        68       110       116       116
         2        68        68       110       116
         2       110       116       149       149
         2       110       110       116       149
         2        68       110       110       116
         2       149       155       155       179
         2       116       149       155       155
         2       116       116       149       155
         2       149       155       179       179
         2       149       149       155       179
         2       116       149       149       155
         2       179       185       185       200
         2       155       179       185       185
         2       155       155       179       185
         2       179       185       200       200
         2       179       179       185       200
         2       155       179       179       185
         2       200       206       206       213
         2       185       200       206       206
         2       185       185       200       206
         2       200       206       213       213
         2       200       200       206       213
         2       185       200       200       206
         2       213       216       218       218
         2       206       213       218       218
         2       206       206       213       218
         2       213       216       216       218
         2       213       213       216       218
         2       206       213       213       218
         2       216       219       221       221
         2       216       218       221       221
         2       216       218       218       221
         2       216       219       219       221
         2       216       216       219       221
         2       216       216       218       221
         2       212       215       215       219
         2       215       215       219       221
         2       215       219       221       221
         2       212       212       215       219
         2       212       215       219       219
         2       215       219       219       221
         2       197       203       203       212
         2       203       203       212       215
         2       203       212       215       215
         2       197       197       203       212
         2       197       203       212       212
         2       203       212       212       215
         2       176       182       182       197
         2       182       182       197       203
         2       182       197       203       203
         2       176       176       182       197
         2       176       182       197       197
         2       182       197       197       203
         2       146       152       152       176
         2       152       152       176       182
         2       152       176       182       182
         2       146       146       152       176
         2       146       152       176       176
         2       152       176       176       182
         2       107       113       113       146
         2       113       113       146       152
         2       113       146       152       152
         2       107       107       113       146
         2       107       113       146       146
         2       113       146       146       152
         2        59        65        65       107
         2        65        65       107       113
         2        65       107       113       113
         2        59        59        65       107
         2        59        65       107       107
         2        65       107       107       113
         2        17        20        20        59
         2        20        20        59        65
         2        20        59        65        65
         2        17        17        20        59
         2        17        20        59        59
         2        20        59        59        65
         2        17        58        64        64
         2        17        20        64        64
         2        17        20        20        64
         2        17        58        58        64
         2        17        17        58        64
         2        17        17        20        64
         2        64       106       112       112
         2        64        70       112       112
         2        64        70        70       112
         2        64       106       106       112
         2        64        64       106       112
         2        64        64        70       112
         2       106       139       145       145
         2       106       112       145       145
         2       106       112       112       145
         2       106       139       139       145
         2       106       106       139       145
         2       106       106       112       145
         2       136       139       169       169
         2       139       145       169       169
         2       139       145       145       169
         2       136       136       139       169
         2       136       139       139       169
         2       139       139       145       169
         2       103       136       142       142
         2       136       142       142       169
         2       136       142       169       169
         2       103       103       136       142
         2       103       136       136       142
         2       136       136       142       169
         2        61       103       109       109
         2       103       109       109       142
         2       103       109       142       142
         2        61        61       103       109
         2        61       103       103       109
         2       103       103       109       142
         2        22        61        67        67
         2        61        67        67       109
         2        61        67       109       109
         2        22        22        61        67
         2        22        61        61        67
         2        61        61        67       109
         2        22        25        25        68
         2        22        25        25        67
         2        22        25        67        67
         2        22        25        68        68
         2        22        22        25        68
         2        22        22        25        67
         2        68        74        74       116
         2        25        68        74        74
         2        25        25        68        74
         2        68        74       116       116
         2        68        68        74       116
         2        25        68        68        74
         2       116       122       122       155
         2        74       116       122       122
         2        74        74       116       122
         2       116       122       155       155
         2       116       116       122       155
         2        74       116       116       122
         2       155       161       161       185
         2       122       155       161       161
         2       122       122       155       161
         2       155       161       185       185
         2       155       155       161       185
         2       122       155       155       161
         2       185       191       191       206
         2       161       185       191       191
         2       161       161       185       191
         2       185       191       206       206
         2       185       185       191       206
         2       161       185       185       191
         2       206       211       211       218
         2       191       206       211       211
         2       191       191       206       211
         2       206       211       218       218
         2       206       206       211       218
         2       191       206       206       211
         2       217       217       218       221
         2       211       217       217       218
         2       211       211       217       218
         2       217       218       221       221
         2       217       218       218       221
         2       211       217       218       218
         2       215       220       220       221
         2       217       220       220       221
         2       217       217       220       221
         2       215       215       220       221
         2       215       220       221       221
         2       217       220       221       221
         2       203       209       209       215
         2       209       209       215       220
         2       209       215       220       220
         2       203       203       209       215
         2       203       209       215       215
         2       209       215       215       220
         2       182       188       188       203
         2       188       188       203       209
         2       188       203       209       209
         2       182       182       188       203
         2       182       188       203       203
         2       188       203       203       209
         2       152       158       158       182
         2       158       158       182       188
         2       158       182       188       188
         2       152       152       158       182
         2       152       158       182       182
         2       158       182       182       188
         2       113       119       119       152
         2       119       119       152       158
         2       119       152       158       158
         2       113       113       119       152
         2       113       119       152       152
         2       119       152       152       158
         2        65        71        71       113
         2        71        71       113       119
         2        71       113       119       119
         2        65        65        71       113
         2        65        71       113       113
         2        71       113       113       119
         2        20        23        23        65
         2        23        23        65        71
         2        23        65        71        71
         2        20        20        23        65
         2        20        23        65        65
         2        23        65        65        71
         2        20        64        70        70
         2        20        23        70        70
         2        20        23        23        70
         2        20        64        64        70
         2        20        20        64        70
         2        20        20        23        70
         2        70       112       118       118
         2        70        76       118       118
         2        70        76        76       118
         2        70       112       112       118
         2        70        70       112       118
         2        70        70        76       118
         2       112       145       151       151
         2       112       118       151       151
         2       112       118       118       151
         2       112       145       145       151
         2       112       112       145       151
         2       112       112       118       151
         2       145       169       175       175
         2       145       151       175       175
         2       145       151       151       175
         2       145       169       169       175
         2       145       145       169       175
         2       145       145       151       175
         2       142       169       172       172
         2       169       172       172       175
         2       169       172       175       175
         2       142       142       169       172
         2       142       169       169       172
         2       169       169       172       175
         2       109       142       148       148
         2       142       148       148       172
         2       142       148       172       172
         2       109       109       142       148
         2       109       142       142       148
         2       142       142       148       172
         2        67       109       115       115
         2       109       115       115       148
         2       109       115       148       148
         2        67        67       109       115
         2        67       109       109       115
         2       109       109       115       148
         2        25        67        73        73
         2        67        73        73       115
         2        67        73       115       115
         2        25        25        67        73
         2        25        67        67        73
         2        67        67        73       115
         2        25        28        28        74
         2        25        28        28        73
         2        25        28        73        73
         2        25        28        74        74
         2        25        25        28        74
         2        25        25        28        73
         2        74        80        80       122
         2        28        74        80        80
         2        28        28        74        80
         2        74        80       122       122
         2        74        74        80       122
         2        28        74        74        80
         2       122       128       128       161
         2        80       122       128       128
         2        80        80       122       128
         2       122       128       161       161
         2       122       122       128       161
         2        80       122       122       128
         2       161       166       166       191
         2       128       161       166       166
         2       128       128       161       166
         2       161       166       191       191
         2       161       161       166       191
         2       128       161       161       166
         2       190       190       191       211
         2       166       190       190       191
         2       166       166       190       191
         2       190       191       211       211
         2       190       191       191       211
         2       166       190       191       191
         2       205       205       211       217
         2       190       205       205       211
         2       190       190       205       211
         2       205       211       217       217
         2       205       211       211       217
         2       190       205       211       211
         2       214       214       217       220
         2       205       214       214       217
         2       205       205       214       217
         2       214       217       220       220
         2       214       217       217       220
         2       205       214       217       217
         2       208       208       209       220
         2       208       208       214       220
         2       208       214       214       220
         2       208       209       209       220
         2       208       209       220       220
         2       208       214       220       220
         2       188       193       193       209
         2       193       193       208       209
         2       193       208       208       209
         2       188       188       193       209
         2       188       193       209       209
         2       193       208       209       209
         2       158       164       164       188
         2       164       164       188       193
         2       164       188       193       193
         2       158       158       164       188
         2       158       164       188       188
         2       164       188       188       193
         2       119       125       125       158
         2       125       125       158       164
         2       125       158       164       164
         2       119       119       125       158
         2       119       125       158       158
         2       125       158       158       164
         2        71        77        77       119
         2        77        77       119       125
         2        77       119       125       125
         2        71        71        77       119
         2        71        77       119       119
         2        77       119       119       125
         2        23        26        26        71
         2        26        26        71        77
         2        26        71        77        77
         2        23        23        26        71
         2        23        26        71        71
         2        26        71        71        77
         2        23        70        76        76
         2        23        26        76        76
         2        23        26        26        76
         2        23        70        70        76
         2        23        23        70        76
         2        23        23        26        76
         2        76       118       124       124
         2        76        82       124       124
         2        76        82        82       124
         2        76       118       118       124
         2        76        76       118       124
         2        76        76        82       124
         2       118       151       157       157
         2       118       124       157       157
         2       118       124       124       157
         2       118       151       151       157
         2       118       118       151       157
         2       118       118       124       157
         2       151       175       181       181
         2       151       157       181       181
         2       151       157       157       181
         2       151       175       175       181
         2       151       151       175       181
         2       151       151       157       181
         2       172       175       196       196
         2       175       181       196       196
         2       175       181       181       196
         2       172       172       175       196
         2       172       175       175       196
         2       175       175       181       196
         2       148       172       178       178
         2       172       178       178       196
         2       172       178       196       196
         2       148       148       172       178
         2       148       172       172       178
         2       172       172       178       196
         2       115       148       154       154
         2       148       154       154       178
         2       148       154       178       178
         2       115       115       148       154
         2       115       148       148       154
         2       148       148       154       178
         2        73       115       121       121
         2       115       121       121       154
         2       115       121       154       154
         2        73        73       115       121
         2        73       115       115       121
         2       115       115       121       154
         2        28        73        79        79
         2        73        79        79       121
         2        73        79       121       121
         2        28        28        73        79
         2        28        73        73        79
         2        73        73        79       121
         2        28        31        31        80
         2        28        31        31        79
         2        28        31        79        79
         2        28        31        80        80
         2        28        28        31        80
         2        28        28        31        79
         2        80        85        85       128
         2        31        80        85        85
         2        31        31        80        85
         2        80        85       128       128
         2        80        80        85       128
         2        31        80        80        85
         2       127       127       128       166
         2        85       127       127       128
         2        85        85       127       128
         2       127       128       166       166
         2       127       128       128       166
         2        85       127       128       128
         2       160       160       166       190
         2       127       160       160       166
         2       127       127       160       166
         2       160       166       190       190
         2       160       166       166       190
         2       127       160       166       166
         2       184       184       190       205
         2       160       184       184       190
         2       160       160       184       190
         2       184       190       205       205
         2       184       190       190       205
         2       160       184       190       190
         2       199       199       205       214
         2       184       199       199       205
         2       184       184       199       205
         2       199       205       214       214
         2       199       205       205       214
         2       184       199       205       205
         2       202       202       208       214
         2       199       202       202       214
         2       199       199       202       214
         2       202       208       208       214
         2       202       208       214       214
         2       199       202       214       214
         2       187       187       193       208
         2       187       187       202       208
         2       187       202       202       208
         2       187       193       193       208
         2       187       193       208       208
         2       187       202       208       208
         2       163       163       164       193
         2       163       163       187       193
         2       163       187       187       193
         2       163       164       164       193
         2       163       164       193       193
         2       163       187       193       193
         2       125       130       130       164
         2       130       130       163       164
         2       130       163       163       164
         2       125       125       130       164
         2       125       130       164       164
         2       130       163       164       164
         2        77        83        83       125
         2        83        83       125       130
         2        83       125       130       130
         2        77        77        83       125
         2        77        83       125       125
         2        83       125       125       130
         2        26        29        29        77
         2        29        29        77        83
         2        29        77        83        83
         2        26        26        29        77
         2        26        29        77        77
         2        29        77        77        83
         2        26        76        82        82
         2        26        29        82        82
         2        26        29        29        82
         2        26        76        76        82
         2        26        26        76        82
         2        26        26        29        82
         2        82       124       130       130
         2        82        83       130       130
         2        82        83        83       130
         2        82       124       124       130
         2        82        82       124       130
         2        82        82        83       130
         2       124       157       163       163
         2       124       130       163       163
         2       124       130       130       163
         2       124       157       157       163
         2       124       124       157       163
         2       124       124       130       163
         2       157       181       187       187
         2       157       163       187       187
         2       157       163       163       187
         2       157       181       181       187
         2       157       157       181       187
         2       157       157       163       187
         2       181       196       202       202
         2       181       187       202       202
         2       181       187       187       202
         2       181       196       196       202
         2       181       181       196       202
         2       181       181       187       202
         2       178       196       199       199
         2       196       199       199       202
         2       196       199       202       202
         2       178       178       196       199
         2       178       196       196       199
         2       196       196       199       202
         2       154       178       184       184
         2       178       184       184       199
         2       178       184       199       199
         2       154       154       178       184
         2       154       178       178       184
         2       178       178       184       199
         2       121       154       160       160
         2       154       160       160       184
         2       154       160       184       184
         2       121       121       154       160
         2       121       154       154       160
         2       154       154       160       184
         2        79       121       127       127
         2       121       127       127       160
         2       121       127       160       160
         2        79        79       121       127
         2        79       121       121       127
         2       121       121       127       160
         2        31        79        85        85
         2        79        85        85       127
         2        79        85       127       127
         2        31        31        79        85
         2        31        79        79        85
         2        79        79        85       127
         4        31        31        31        85
         2        31        31        85        85
         4        29        29        29        83
         2        29        29        82        83
         2        29        82        82        83
         2        29        29        83        83
         2        29        82        83        83
