Automatically generated mesh
     613
Reciprocal lattice
    0.00000000000000    0.00000000000000    0.00000000000000             1
    0.02857142857143    0.00000000000000    0.00000000000000             2
    0.05714285714286    0.00000000000000    0.00000000000000             2
    0.08571428571429    0.00000000000000    0.00000000000000             2
    0.11428571428571    0.00000000000000    0.00000000000000             2
    0.14285714285714    0.00000000000000    0.00000000000000             2
    0.17142857142857    0.00000000000000    0.00000000000000             2
    0.20000000000000    0.00000000000000    0.00000000000000             2
    0.22857142857143    0.00000000000000    0.00000000000000             2
    0.25714285714286    0.00000000000000    0.00000000000000             2
    0.28571428571429    0.00000000000000    0.00000000000000             2
    0.31428571428571    0.00000000000000    0.00000000000000             2
    0.34285714285714    0.00000000000000    0.00000000000000             2
    0.37142857142857    0.00000000000000    0.00000000000000             2
    0.40000000000000    0.00000000000000    0.00000000000000             2
    0.42857142857143    0.00000000000000    0.00000000000000             2
    0.45714285714286    0.00000000000000    0.00000000000000             2
    0.48571428571429    0.00000000000000    0.00000000000000             2
    0.00000000000000    0.02857142857143    0.00000000000000             2
    0.02857142857143    0.02857142857143    0.00000000000000             2
    0.05714285714286    0.02857142857143    0.00000000000000             2
    0.08571428571429    0.02857142857143    0.00000000000000             2
    0.11428571428571    0.02857142857143    0.00000000000000             2
    0.14285714285714    0.02857142857143    0.00000000000000             2
    0.17142857142857    0.02857142857143    0.00000000000000             2
    0.20000000000000    0.02857142857143    0.00000000000000             2
    0.22857142857143    0.02857142857143    0.00000000000000             2
    0.25714285714286    0.02857142857143    0.00000000000000             2
    0.28571428571429    0.02857142857143    0.00000000000000             2
    0.31428571428571    0.02857142857143    0.00000000000000             2
    0.34285714285714    0.02857142857143    0.00000000000000             2
    0.37142857142857    0.02857142857143    0.00000000000000             2
    0.40000000000000    0.02857142857143    0.00000000000000             2
    0.42857142857143    0.02857142857143    0.00000000000000             2
    0.45714285714286    0.02857142857143    0.00000000000000             2
    0.48571428571429    0.02857142857143    0.00000000000000             2
   -0.48571428571429    0.02857142857143    0.00000000000000             2
   -0.45714285714286    0.02857142857143    0.00000000000000             2
   -0.42857142857143    0.02857142857143    0.00000000000000             2
   -0.40000000000000    0.02857142857143    0.00000000000000             2
   -0.37142857142857    0.02857142857143    0.00000000000000             2
   -0.34285714285714    0.02857142857143    0.00000000000000             2
   -0.31428571428571    0.02857142857143    0.00000000000000             2
   -0.28571428571429    0.02857142857143    0.00000000000000             2
   -0.25714285714286    0.02857142857143    0.00000000000000             2
   -0.22857142857143    0.02857142857143    0.00000000000000             2
   -0.20000000000000    0.02857142857143    0.00000000000000             2
   -0.17142857142857    0.02857142857143    0.00000000000000             2
   -0.14285714285714    0.02857142857143    0.00000000000000             2
   -0.11428571428571    0.02857142857143    0.00000000000000             2
   -0.08571428571429    0.02857142857143    0.00000000000000             2
   -0.05714285714286    0.02857142857143    0.00000000000000             2
   -0.02857142857143    0.02857142857143    0.00000000000000             2
    0.00000000000000    0.05714285714286    0.00000000000000             2
    0.02857142857143    0.05714285714286    0.00000000000000             2
    0.05714285714286    0.05714285714286    0.00000000000000             2
    0.08571428571429    0.05714285714286    0.00000000000000             2
    0.11428571428571    0.05714285714286    0.00000000000000             2
    0.14285714285714    0.05714285714286    0.00000000000000             2
    0.17142857142857    0.05714285714286    0.00000000000000             2
    0.20000000000000    0.05714285714286    0.00000000000000             2
    0.22857142857143    0.05714285714286    0.00000000000000             2
    0.25714285714286    0.05714285714286    0.00000000000000             2
    0.28571428571429    0.05714285714286    0.00000000000000             2
    0.31428571428571    0.05714285714286    0.00000000000000             2
    0.34285714285714    0.05714285714286    0.00000000000000             2
    0.37142857142857    0.05714285714286    0.00000000000000             2
    0.40000000000000    0.05714285714286    0.00000000000000             2
    0.42857142857143    0.05714285714286    0.00000000000000             2
    0.45714285714286    0.05714285714286    0.00000000000000             2
    0.48571428571429    0.05714285714286    0.00000000000000             2
   -0.48571428571429    0.05714285714286    0.00000000000000             2
   -0.45714285714286    0.05714285714286    0.00000000000000             2
   -0.42857142857143    0.05714285714286    0.00000000000000             2
   -0.40000000000000    0.05714285714286    0.00000000000000             2
   -0.37142857142857    0.05714285714286    0.00000000000000             2
   -0.34285714285714    0.05714285714286    0.00000000000000             2
   -0.31428571428571    0.05714285714286    0.00000000000000             2
   -0.28571428571429    0.05714285714286    0.00000000000000             2
   -0.25714285714286    0.05714285714286    0.00000000000000             2
   -0.22857142857143    0.05714285714286    0.00000000000000             2
   -0.20000000000000    0.05714285714286    0.00000000000000             2
   -0.17142857142857    0.05714285714286    0.00000000000000             2
   -0.14285714285714    0.05714285714286    0.00000000000000             2
   -0.11428571428571    0.05714285714286    0.00000000000000             2
   -0.08571428571429    0.05714285714286    0.00000000000000             2
   -0.05714285714286    0.05714285714286    0.00000000000000             2
   -0.02857142857143    0.05714285714286    0.00000000000000             2
    0.00000000000000    0.08571428571429    0.00000000000000             2
    0.02857142857143    0.08571428571429    0.00000000000000             2
    0.05714285714286    0.08571428571429    0.00000000000000             2
    0.08571428571429    0.08571428571429    0.00000000000000             2
    0.11428571428571    0.08571428571429    0.00000000000000             2
    0.14285714285714    0.08571428571429    0.00000000000000             2
    0.17142857142857    0.08571428571429    0.00000000000000             2
    0.20000000000000    0.08571428571429    0.00000000000000             2
    0.22857142857143    0.08571428571429    0.00000000000000             2
    0.25714285714286    0.08571428571429    0.00000000000000             2
    0.28571428571429    0.08571428571429    0.00000000000000             2
    0.31428571428571    0.08571428571429    0.00000000000000             2
    0.34285714285714    0.08571428571429    0.00000000000000             2
    0.37142857142857    0.08571428571429    0.00000000000000             2
    0.40000000000000    0.08571428571429    0.00000000000000             2
    0.42857142857143    0.08571428571429    0.00000000000000             2
    0.45714285714286    0.08571428571429    0.00000000000000             2
    0.48571428571429    0.08571428571429    0.00000000000000             2
   -0.48571428571429    0.08571428571429    0.00000000000000             2
   -0.45714285714286    0.08571428571429    0.00000000000000             2
   -0.42857142857143    0.08571428571429    0.00000000000000             2
   -0.40000000000000    0.08571428571429    0.00000000000000             2
   -0.37142857142857    0.08571428571429    0.00000000000000             2
   -0.34285714285714    0.08571428571429    0.00000000000000             2
   -0.31428571428571    0.08571428571429    0.00000000000000             2
   -0.28571428571429    0.08571428571429    0.00000000000000             2
   -0.25714285714286    0.08571428571429    0.00000000000000             2
   -0.22857142857143    0.08571428571429    0.00000000000000             2
   -0.20000000000000    0.08571428571429    0.00000000000000             2
   -0.17142857142857    0.08571428571429    0.00000000000000             2
   -0.14285714285714    0.08571428571429    0.00000000000000             2
   -0.11428571428571    0.08571428571429    0.00000000000000             2
   -0.08571428571429    0.08571428571429    0.00000000000000             2
   -0.05714285714286    0.08571428571429    0.00000000000000             2
   -0.02857142857143    0.08571428571429    0.00000000000000             2
    0.00000000000000    0.11428571428571    0.00000000000000             2
    0.02857142857143    0.11428571428571    0.00000000000000             2
    0.05714285714286    0.11428571428571    0.00000000000000             2
    0.08571428571429    0.11428571428571    0.00000000000000             2
    0.11428571428571    0.11428571428571    0.00000000000000             2
    0.14285714285714    0.11428571428571    0.00000000000000             2
    0.17142857142857    0.11428571428571    0.00000000000000             2
    0.20000000000000    0.11428571428571    0.00000000000000             2
    0.22857142857143    0.11428571428571    0.00000000000000             2
    0.25714285714286    0.11428571428571    0.00000000000000             2
    0.28571428571429    0.11428571428571    0.00000000000000             2
    0.31428571428571    0.11428571428571    0.00000000000000             2
    0.34285714285714    0.11428571428571    0.00000000000000             2
    0.37142857142857    0.11428571428571    0.00000000000000             2
    0.40000000000000    0.11428571428571    0.00000000000000             2
    0.42857142857143    0.11428571428571    0.00000000000000             2
    0.45714285714286    0.11428571428571    0.00000000000000             2
    0.48571428571429    0.11428571428571    0.00000000000000             2
   -0.48571428571429    0.11428571428571    0.00000000000000             2
   -0.45714285714286    0.11428571428571    0.00000000000000             2
   -0.42857142857143    0.11428571428571    0.00000000000000             2
   -0.40000000000000    0.11428571428571    0.00000000000000             2
   -0.37142857142857    0.11428571428571    0.00000000000000             2
   -0.34285714285714    0.11428571428571    0.00000000000000             2
   -0.31428571428571    0.11428571428571    0.00000000000000             2
   -0.28571428571429    0.11428571428571    0.00000000000000             2
   -0.25714285714286    0.11428571428571    0.00000000000000             2
   -0.22857142857143    0.11428571428571    0.00000000000000             2
   -0.20000000000000    0.11428571428571    0.00000000000000             2
   -0.17142857142857    0.11428571428571    0.00000000000000             2
   -0.14285714285714    0.11428571428571    0.00000000000000             2
   -0.11428571428571    0.11428571428571    0.00000000000000             2
   -0.08571428571429    0.11428571428571    0.00000000000000             2
   -0.05714285714286    0.11428571428571    0.00000000000000             2
   -0.02857142857143    0.11428571428571    0.00000000000000             2
    0.00000000000000    0.14285714285714    0.00000000000000             2
    0.02857142857143    0.14285714285714    0.00000000000000             2
    0.05714285714286    0.14285714285714    0.00000000000000             2
    0.08571428571429    0.14285714285714    0.00000000000000             2
    0.11428571428571    0.14285714285714    0.00000000000000             2
    0.14285714285714    0.14285714285714    0.00000000000000             2
    0.17142857142857    0.14285714285714    0.00000000000000             2
    0.20000000000000    0.14285714285714    0.00000000000000             2
    0.22857142857143    0.14285714285714    0.00000000000000             2
    0.25714285714286    0.14285714285714    0.00000000000000             2
    0.28571428571429    0.14285714285714    0.00000000000000             2
    0.31428571428571    0.14285714285714    0.00000000000000             2
    0.34285714285714    0.14285714285714    0.00000000000000             2
    0.37142857142857    0.14285714285714    0.00000000000000             2
    0.40000000000000    0.14285714285714    0.00000000000000             2
    0.42857142857143    0.14285714285714    0.00000000000000             2
    0.45714285714286    0.14285714285714    0.00000000000000             2
    0.48571428571429    0.14285714285714    0.00000000000000             2
   -0.48571428571429    0.14285714285714    0.00000000000000             2
   -0.45714285714286    0.14285714285714    0.00000000000000             2
   -0.42857142857143    0.14285714285714    0.00000000000000             2
   -0.40000000000000    0.14285714285714    0.00000000000000             2
   -0.37142857142857    0.14285714285714    0.00000000000000             2
   -0.34285714285714    0.14285714285714    0.00000000000000             2
   -0.31428571428571    0.14285714285714    0.00000000000000             2
   -0.28571428571429    0.14285714285714    0.00000000000000             2
   -0.25714285714286    0.14285714285714    0.00000000000000             2
   -0.22857142857143    0.14285714285714    0.00000000000000             2
   -0.20000000000000    0.14285714285714    0.00000000000000             2
   -0.17142857142857    0.14285714285714    0.00000000000000             2
   -0.14285714285714    0.14285714285714    0.00000000000000             2
   -0.11428571428571    0.14285714285714    0.00000000000000             2
   -0.08571428571429    0.14285714285714    0.00000000000000             2
   -0.05714285714286    0.14285714285714    0.00000000000000             2
   -0.02857142857143    0.14285714285714    0.00000000000000             2
    0.00000000000000    0.17142857142857    0.00000000000000             2
    0.02857142857143    0.17142857142857    0.00000000000000             2
    0.05714285714286    0.17142857142857    0.00000000000000             2
    0.08571428571429    0.17142857142857    0.00000000000000             2
    0.11428571428571    0.17142857142857    0.00000000000000             2
    0.14285714285714    0.17142857142857    0.00000000000000             2
    0.17142857142857    0.17142857142857    0.00000000000000             2
    0.20000000000000    0.17142857142857    0.00000000000000             2
    0.22857142857143    0.17142857142857    0.00000000000000             2
    0.25714285714286    0.17142857142857    0.00000000000000             2
    0.28571428571429    0.17142857142857    0.00000000000000             2
    0.31428571428571    0.17142857142857    0.00000000000000             2
    0.34285714285714    0.17142857142857    0.00000000000000             2
    0.37142857142857    0.17142857142857    0.00000000000000             2
    0.40000000000000    0.17142857142857    0.00000000000000             2
    0.42857142857143    0.17142857142857    0.00000000000000             2
    0.45714285714286    0.17142857142857    0.00000000000000             2
    0.48571428571429    0.17142857142857    0.00000000000000             2
   -0.48571428571429    0.17142857142857    0.00000000000000             2
   -0.45714285714286    0.17142857142857    0.00000000000000             2
   -0.42857142857143    0.17142857142857    0.00000000000000             2
   -0.40000000000000    0.17142857142857    0.00000000000000             2
   -0.37142857142857    0.17142857142857    0.00000000000000             2
   -0.34285714285714    0.17142857142857    0.00000000000000             2
   -0.31428571428571    0.17142857142857    0.00000000000000             2
   -0.28571428571429    0.17142857142857    0.00000000000000             2
   -0.25714285714286    0.17142857142857    0.00000000000000             2
   -0.22857142857143    0.17142857142857    0.00000000000000             2
   -0.20000000000000    0.17142857142857    0.00000000000000             2
   -0.17142857142857    0.17142857142857    0.00000000000000             2
   -0.14285714285714    0.17142857142857    0.00000000000000             2
   -0.11428571428571    0.17142857142857    0.00000000000000             2
   -0.08571428571429    0.17142857142857    0.00000000000000             2
   -0.05714285714286    0.17142857142857    0.00000000000000             2
   -0.02857142857143    0.17142857142857    0.00000000000000             2
    0.00000000000000    0.20000000000000    0.00000000000000             2
    0.02857142857143    0.20000000000000    0.00000000000000             2
    0.05714285714286    0.20000000000000    0.00000000000000             2
    0.08571428571429    0.20000000000000    0.00000000000000             2
    0.11428571428571    0.20000000000000    0.00000000000000             2
    0.14285714285714    0.20000000000000    0.00000000000000             2
    0.17142857142857    0.20000000000000    0.00000000000000             2
    0.20000000000000    0.20000000000000    0.00000000000000             2
    0.22857142857143    0.20000000000000    0.00000000000000             2
    0.25714285714286    0.20000000000000    0.00000000000000             2
    0.28571428571429    0.20000000000000    0.00000000000000             2
    0.31428571428571    0.20000000000000    0.00000000000000             2
    0.34285714285714    0.20000000000000    0.00000000000000             2
    0.37142857142857    0.20000000000000    0.00000000000000             2
    0.40000000000000    0.20000000000000    0.00000000000000             2
    0.42857142857143    0.20000000000000    0.00000000000000             2
    0.45714285714286    0.20000000000000    0.00000000000000             2
    0.48571428571429    0.20000000000000    0.00000000000000             2
   -0.48571428571429    0.20000000000000    0.00000000000000             2
   -0.45714285714286    0.20000000000000    0.00000000000000             2
   -0.42857142857143    0.20000000000000    0.00000000000000             2
   -0.40000000000000    0.20000000000000    0.00000000000000             2
   -0.37142857142857    0.20000000000000    0.00000000000000             2
   -0.34285714285714    0.20000000000000    0.00000000000000             2
   -0.31428571428571    0.20000000000000    0.00000000000000             2
   -0.28571428571429    0.20000000000000    0.00000000000000             2
   -0.25714285714286    0.20000000000000    0.00000000000000             2
   -0.22857142857143    0.20000000000000    0.00000000000000             2
   -0.20000000000000    0.20000000000000    0.00000000000000             2
   -0.17142857142857    0.20000000000000    0.00000000000000             2
   -0.14285714285714    0.20000000000000    0.00000000000000             2
   -0.11428571428571    0.20000000000000    0.00000000000000             2
   -0.08571428571429    0.20000000000000    0.00000000000000             2
   -0.05714285714286    0.20000000000000    0.00000000000000             2
   -0.02857142857143    0.20000000000000    0.00000000000000             2
    0.00000000000000    0.22857142857143    0.00000000000000             2
    0.02857142857143    0.22857142857143    0.00000000000000             2
    0.05714285714286    0.22857142857143    0.00000000000000             2
    0.08571428571429    0.22857142857143    0.00000000000000             2
    0.11428571428571    0.22857142857143    0.00000000000000             2
    0.14285714285714    0.22857142857143    0.00000000000000             2
    0.17142857142857    0.22857142857143    0.00000000000000             2
    0.20000000000000    0.22857142857143    0.00000000000000             2
    0.22857142857143    0.22857142857143    0.00000000000000             2
    0.25714285714286    0.22857142857143    0.00000000000000             2
    0.28571428571429    0.22857142857143    0.00000000000000             2
    0.31428571428571    0.22857142857143    0.00000000000000             2
    0.34285714285714    0.22857142857143    0.00000000000000             2
    0.37142857142857    0.22857142857143    0.00000000000000             2
    0.40000000000000    0.22857142857143    0.00000000000000             2
    0.42857142857143    0.22857142857143    0.00000000000000             2
    0.45714285714286    0.22857142857143    0.00000000000000             2
    0.48571428571429    0.22857142857143    0.00000000000000             2
   -0.48571428571429    0.22857142857143    0.00000000000000             2
   -0.45714285714286    0.22857142857143    0.00000000000000             2
   -0.42857142857143    0.22857142857143    0.00000000000000             2
   -0.40000000000000    0.22857142857143    0.00000000000000             2
   -0.37142857142857    0.22857142857143    0.00000000000000             2
   -0.34285714285714    0.22857142857143    0.00000000000000             2
   -0.31428571428571    0.22857142857143    0.00000000000000             2
   -0.28571428571429    0.22857142857143    0.00000000000000             2
   -0.25714285714286    0.22857142857143    0.00000000000000             2
   -0.22857142857143    0.22857142857143    0.00000000000000             2
   -0.20000000000000    0.22857142857143    0.00000000000000             2
   -0.17142857142857    0.22857142857143    0.00000000000000             2
   -0.14285714285714    0.22857142857143    0.00000000000000             2
   -0.11428571428571    0.22857142857143    0.00000000000000             2
   -0.08571428571429    0.22857142857143    0.00000000000000             2
   -0.05714285714286    0.22857142857143    0.00000000000000             2
   -0.02857142857143    0.22857142857143    0.00000000000000             2
    0.00000000000000    0.25714285714286    0.00000000000000             2
    0.02857142857143    0.25714285714286    0.00000000000000             2
    0.05714285714286    0.25714285714286    0.00000000000000             2
    0.08571428571429    0.25714285714286    0.00000000000000             2
    0.11428571428571    0.25714285714286    0.00000000000000             2
    0.14285714285714    0.25714285714286    0.00000000000000             2
    0.17142857142857    0.25714285714286    0.00000000000000             2
    0.20000000000000    0.25714285714286    0.00000000000000             2
    0.22857142857143    0.25714285714286    0.00000000000000             2
    0.25714285714286    0.25714285714286    0.00000000000000             2
    0.28571428571429    0.25714285714286    0.00000000000000             2
    0.31428571428571    0.25714285714286    0.00000000000000             2
    0.34285714285714    0.25714285714286    0.00000000000000             2
    0.37142857142857    0.25714285714286    0.00000000000000             2
    0.40000000000000    0.25714285714286    0.00000000000000             2
    0.42857142857143    0.25714285714286    0.00000000000000             2
    0.45714285714286    0.25714285714286    0.00000000000000             2
    0.48571428571429    0.25714285714286    0.00000000000000             2
   -0.48571428571429    0.25714285714286    0.00000000000000             2
   -0.45714285714286    0.25714285714286    0.00000000000000             2
   -0.42857142857143    0.25714285714286    0.00000000000000             2
   -0.40000000000000    0.25714285714286    0.00000000000000             2
   -0.37142857142857    0.25714285714286    0.00000000000000             2
   -0.34285714285714    0.25714285714286    0.00000000000000             2
   -0.31428571428571    0.25714285714286    0.00000000000000             2
   -0.28571428571429    0.25714285714286    0.00000000000000             2
   -0.25714285714286    0.25714285714286    0.00000000000000             2
   -0.22857142857143    0.25714285714286    0.00000000000000             2
   -0.20000000000000    0.25714285714286    0.00000000000000             2
   -0.17142857142857    0.25714285714286    0.00000000000000             2
   -0.14285714285714    0.25714285714286    0.00000000000000             2
   -0.11428571428571    0.25714285714286    0.00000000000000             2
   -0.08571428571429    0.25714285714286    0.00000000000000             2
   -0.05714285714286    0.25714285714286    0.00000000000000             2
   -0.02857142857143    0.25714285714286    0.00000000000000             2
    0.00000000000000    0.28571428571429    0.00000000000000             2
    0.02857142857143    0.28571428571429    0.00000000000000             2
    0.05714285714286    0.28571428571429    0.00000000000000             2
    0.08571428571429    0.28571428571429    0.00000000000000             2
    0.11428571428571    0.28571428571429    0.00000000000000             2
    0.14285714285714    0.28571428571429    0.00000000000000             2
    0.17142857142857    0.28571428571429    0.00000000000000             2
    0.20000000000000    0.28571428571429    0.00000000000000             2
    0.22857142857143    0.28571428571429    0.00000000000000             2
    0.25714285714286    0.28571428571429    0.00000000000000             2
    0.28571428571429    0.28571428571429    0.00000000000000             2
    0.31428571428571    0.28571428571429    0.00000000000000             2
    0.34285714285714    0.28571428571429    0.00000000000000             2
    0.37142857142857    0.28571428571429    0.00000000000000             2
    0.40000000000000    0.28571428571429    0.00000000000000             2
    0.42857142857143    0.28571428571429    0.00000000000000             2
    0.45714285714286    0.28571428571429    0.00000000000000             2
    0.48571428571429    0.28571428571429    0.00000000000000             2
   -0.48571428571429    0.28571428571429    0.00000000000000             2
   -0.45714285714286    0.28571428571429    0.00000000000000             2
   -0.42857142857143    0.28571428571429    0.00000000000000             2
   -0.40000000000000    0.28571428571429    0.00000000000000             2
   -0.37142857142857    0.28571428571429    0.00000000000000             2
   -0.34285714285714    0.28571428571429    0.00000000000000             2
   -0.31428571428571    0.28571428571429    0.00000000000000             2
   -0.28571428571429    0.28571428571429    0.00000000000000             2
   -0.25714285714286    0.28571428571429    0.00000000000000             2
   -0.22857142857143    0.28571428571429    0.00000000000000             2
   -0.20000000000000    0.28571428571429    0.00000000000000             2
   -0.17142857142857    0.28571428571429    0.00000000000000             2
   -0.14285714285714    0.28571428571429    0.00000000000000             2
   -0.11428571428571    0.28571428571429    0.00000000000000             2
   -0.08571428571429    0.28571428571429    0.00000000000000             2
   -0.05714285714286    0.28571428571429    0.00000000000000             2
   -0.02857142857143    0.28571428571429    0.00000000000000             2
    0.00000000000000    0.31428571428571    0.00000000000000             2
    0.02857142857143    0.31428571428571    0.00000000000000             2
    0.05714285714286    0.31428571428571    0.00000000000000             2
    0.08571428571429    0.31428571428571    0.00000000000000             2
    0.11428571428571    0.31428571428571    0.00000000000000             2
    0.14285714285714    0.31428571428571    0.00000000000000             2
    0.17142857142857    0.31428571428571    0.00000000000000             2
    0.20000000000000    0.31428571428571    0.00000000000000             2
    0.22857142857143    0.31428571428571    0.00000000000000             2
    0.25714285714286    0.31428571428571    0.00000000000000             2
    0.28571428571429    0.31428571428571    0.00000000000000             2
    0.31428571428571    0.31428571428571    0.00000000000000             2
    0.34285714285714    0.31428571428571    0.00000000000000             2
    0.37142857142857    0.31428571428571    0.00000000000000             2
    0.40000000000000    0.31428571428571    0.00000000000000             2
    0.42857142857143    0.31428571428571    0.00000000000000             2
    0.45714285714286    0.31428571428571    0.00000000000000             2
    0.48571428571429    0.31428571428571    0.00000000000000             2
   -0.48571428571429    0.31428571428571    0.00000000000000             2
   -0.45714285714286    0.31428571428571    0.00000000000000             2
   -0.42857142857143    0.31428571428571    0.00000000000000             2
   -0.40000000000000    0.31428571428571    0.00000000000000             2
   -0.37142857142857    0.31428571428571    0.00000000000000             2
   -0.34285714285714    0.31428571428571    0.00000000000000             2
   -0.31428571428571    0.31428571428571    0.00000000000000             2
   -0.28571428571429    0.31428571428571    0.00000000000000             2
   -0.25714285714286    0.31428571428571    0.00000000000000             2
   -0.22857142857143    0.31428571428571    0.00000000000000             2
   -0.20000000000000    0.31428571428571    0.00000000000000             2
   -0.17142857142857    0.31428571428571    0.00000000000000             2
   -0.14285714285714    0.31428571428571    0.00000000000000             2
   -0.11428571428571    0.31428571428571    0.00000000000000             2
   -0.08571428571429    0.31428571428571    0.00000000000000             2
   -0.05714285714286    0.31428571428571    0.00000000000000             2
   -0.02857142857143    0.31428571428571    0.00000000000000             2
    0.00000000000000    0.34285714285714    0.00000000000000             2
    0.02857142857143    0.34285714285714    0.00000000000000             2
    0.05714285714286    0.34285714285714    0.00000000000000             2
    0.08571428571429    0.34285714285714    0.00000000000000             2
    0.11428571428571    0.34285714285714    0.00000000000000             2
    0.14285714285714    0.34285714285714    0.00000000000000             2
    0.17142857142857    0.34285714285714    0.00000000000000             2
    0.20000000000000    0.34285714285714    0.00000000000000             2
    0.22857142857143    0.34285714285714    0.00000000000000             2
    0.25714285714286    0.34285714285714    0.00000000000000             2
    0.28571428571429    0.34285714285714    0.00000000000000             2
    0.31428571428571    0.34285714285714    0.00000000000000             2
    0.34285714285714    0.34285714285714    0.00000000000000             2
    0.37142857142857    0.34285714285714    0.00000000000000             2
    0.40000000000000    0.34285714285714    0.00000000000000             2
    0.42857142857143    0.34285714285714    0.00000000000000             2
    0.45714285714286    0.34285714285714    0.00000000000000             2
    0.48571428571429    0.34285714285714    0.00000000000000             2
   -0.48571428571429    0.34285714285714    0.00000000000000             2
   -0.45714285714286    0.34285714285714    0.00000000000000             2
   -0.42857142857143    0.34285714285714    0.00000000000000             2
   -0.40000000000000    0.34285714285714    0.00000000000000             2
   -0.37142857142857    0.34285714285714    0.00000000000000             2
   -0.34285714285714    0.34285714285714    0.00000000000000             2
   -0.31428571428571    0.34285714285714    0.00000000000000             2
   -0.28571428571429    0.34285714285714    0.00000000000000             2
   -0.25714285714286    0.34285714285714    0.00000000000000             2
   -0.22857142857143    0.34285714285714    0.00000000000000             2
   -0.20000000000000    0.34285714285714    0.00000000000000             2
   -0.17142857142857    0.34285714285714    0.00000000000000             2
   -0.14285714285714    0.34285714285714    0.00000000000000             2
   -0.11428571428571    0.34285714285714    0.00000000000000             2
   -0.08571428571429    0.34285714285714    0.00000000000000             2
   -0.05714285714286    0.34285714285714    0.00000000000000             2
   -0.02857142857143    0.34285714285714    0.00000000000000             2
    0.00000000000000    0.37142857142857    0.00000000000000             2
    0.02857142857143    0.37142857142857    0.00000000000000             2
    0.05714285714286    0.37142857142857    0.00000000000000             2
    0.08571428571429    0.37142857142857    0.00000000000000             2
    0.11428571428571    0.37142857142857    0.00000000000000             2
    0.14285714285714    0.37142857142857    0.00000000000000             2
    0.17142857142857    0.37142857142857    0.00000000000000             2
    0.20000000000000    0.37142857142857    0.00000000000000             2
    0.22857142857143    0.37142857142857    0.00000000000000             2
    0.25714285714286    0.37142857142857    0.00000000000000             2
    0.28571428571429    0.37142857142857    0.00000000000000             2
    0.31428571428571    0.37142857142857    0.00000000000000             2
    0.34285714285714    0.37142857142857    0.00000000000000             2
    0.37142857142857    0.37142857142857    0.00000000000000             2
    0.40000000000000    0.37142857142857    0.00000000000000             2
    0.42857142857143    0.37142857142857    0.00000000000000             2
    0.45714285714286    0.37142857142857    0.00000000000000             2
    0.48571428571429    0.37142857142857    0.00000000000000             2
   -0.48571428571429    0.37142857142857    0.00000000000000             2
   -0.45714285714286    0.37142857142857    0.00000000000000             2
   -0.42857142857143    0.37142857142857    0.00000000000000             2
   -0.40000000000000    0.37142857142857    0.00000000000000             2
   -0.37142857142857    0.37142857142857    0.00000000000000             2
   -0.34285714285714    0.37142857142857    0.00000000000000             2
   -0.31428571428571    0.37142857142857    0.00000000000000             2
   -0.28571428571429    0.37142857142857    0.00000000000000             2
   -0.25714285714286    0.37142857142857    0.00000000000000             2
   -0.22857142857143    0.37142857142857    0.00000000000000             2
   -0.20000000000000    0.37142857142857    0.00000000000000             2
   -0.17142857142857    0.37142857142857    0.00000000000000             2
   -0.14285714285714    0.37142857142857    0.00000000000000             2
   -0.11428571428571    0.37142857142857    0.00000000000000             2
   -0.08571428571429    0.37142857142857    0.00000000000000             2
   -0.05714285714286    0.37142857142857    0.00000000000000             2
   -0.02857142857143    0.37142857142857    0.00000000000000             2
    0.00000000000000    0.40000000000000    0.00000000000000             2
    0.02857142857143    0.40000000000000    0.00000000000000             2
    0.05714285714286    0.40000000000000    0.00000000000000             2
    0.08571428571429    0.40000000000000    0.00000000000000             2
    0.11428571428571    0.40000000000000    0.00000000000000             2
    0.14285714285714    0.40000000000000    0.00000000000000             2
    0.17142857142857    0.40000000000000    0.00000000000000             2
    0.20000000000000    0.40000000000000    0.00000000000000             2
    0.22857142857143    0.40000000000000    0.00000000000000             2
    0.25714285714286    0.40000000000000    0.00000000000000             2
    0.28571428571429    0.40000000000000    0.00000000000000             2
    0.31428571428571    0.40000000000000    0.00000000000000             2
    0.34285714285714    0.40000000000000    0.00000000000000             2
    0.37142857142857    0.40000000000000    0.00000000000000             2
    0.40000000000000    0.40000000000000    0.00000000000000             2
    0.42857142857143    0.40000000000000    0.00000000000000             2
    0.45714285714286    0.40000000000000    0.00000000000000             2
    0.48571428571429    0.40000000000000    0.00000000000000             2
   -0.48571428571429    0.40000000000000    0.00000000000000             2
   -0.45714285714286    0.40000000000000    0.00000000000000             2
   -0.42857142857143    0.40000000000000    0.00000000000000             2
   -0.40000000000000    0.40000000000000    0.00000000000000             2
   -0.37142857142857    0.40000000000000    0.00000000000000             2
   -0.34285714285714    0.40000000000000    0.00000000000000             2
   -0.31428571428571    0.40000000000000    0.00000000000000             2
   -0.28571428571429    0.40000000000000    0.00000000000000             2
   -0.25714285714286    0.40000000000000    0.00000000000000             2
   -0.22857142857143    0.40000000000000    0.00000000000000             2
   -0.20000000000000    0.40000000000000    0.00000000000000             2
   -0.17142857142857    0.40000000000000    0.00000000000000             2
   -0.14285714285714    0.40000000000000    0.00000000000000             2
   -0.11428571428571    0.40000000000000    0.00000000000000             2
   -0.08571428571429    0.40000000000000    0.00000000000000             2
   -0.05714285714286    0.40000000000000    0.00000000000000             2
   -0.02857142857143    0.40000000000000    0.00000000000000             2
    0.00000000000000    0.42857142857143    0.00000000000000             2
    0.02857142857143    0.42857142857143    0.00000000000000             2
    0.05714285714286    0.42857142857143    0.00000000000000             2
    0.08571428571429    0.42857142857143    0.00000000000000             2
    0.11428571428571    0.42857142857143    0.00000000000000             2
    0.14285714285714    0.42857142857143    0.00000000000000             2
    0.17142857142857    0.42857142857143    0.00000000000000             2
    0.20000000000000    0.42857142857143    0.00000000000000             2
    0.22857142857143    0.42857142857143    0.00000000000000             2
    0.25714285714286    0.42857142857143    0.00000000000000             2
    0.28571428571429    0.42857142857143    0.00000000000000             2
    0.31428571428571    0.42857142857143    0.00000000000000             2
    0.34285714285714    0.42857142857143    0.00000000000000             2
    0.37142857142857    0.42857142857143    0.00000000000000             2
    0.40000000000000    0.42857142857143    0.00000000000000             2
    0.42857142857143    0.42857142857143    0.00000000000000             2
    0.45714285714286    0.42857142857143    0.00000000000000             2
    0.48571428571429    0.42857142857143    0.00000000000000             2
   -0.48571428571429    0.42857142857143    0.00000000000000             2
   -0.45714285714286    0.42857142857143    0.00000000000000             2
   -0.42857142857143    0.42857142857143    0.00000000000000             2
   -0.40000000000000    0.42857142857143    0.00000000000000             2
   -0.37142857142857    0.42857142857143    0.00000000000000             2
   -0.34285714285714    0.42857142857143    0.00000000000000             2
   -0.31428571428571    0.42857142857143    0.00000000000000             2
   -0.28571428571429    0.42857142857143    0.00000000000000             2
   -0.25714285714286    0.42857142857143    0.00000000000000             2
   -0.22857142857143    0.42857142857143    0.00000000000000             2
   -0.20000000000000    0.42857142857143    0.00000000000000             2
   -0.17142857142857    0.42857142857143    0.00000000000000             2
   -0.14285714285714    0.42857142857143    0.00000000000000             2
   -0.11428571428571    0.42857142857143    0.00000000000000             2
   -0.08571428571429    0.42857142857143    0.00000000000000             2
   -0.05714285714286    0.42857142857143    0.00000000000000             2
   -0.02857142857143    0.42857142857143    0.00000000000000             2
    0.00000000000000    0.45714285714286    0.00000000000000             2
    0.02857142857143    0.45714285714286    0.00000000000000             2
    0.05714285714286    0.45714285714286    0.00000000000000             2
    0.08571428571429    0.45714285714286    0.00000000000000             2
    0.11428571428571    0.45714285714286    0.00000000000000             2
    0.14285714285714    0.45714285714286    0.00000000000000             2
    0.17142857142857    0.45714285714286    0.00000000000000             2
    0.20000000000000    0.45714285714286    0.00000000000000             2
    0.22857142857143    0.45714285714286    0.00000000000000             2
    0.25714285714286    0.45714285714286    0.00000000000000             2
    0.28571428571429    0.45714285714286    0.00000000000000             2
    0.31428571428571    0.45714285714286    0.00000000000000             2
    0.34285714285714    0.45714285714286    0.00000000000000             2
    0.37142857142857    0.45714285714286    0.00000000000000             2
    0.40000000000000    0.45714285714286    0.00000000000000             2
    0.42857142857143    0.45714285714286    0.00000000000000             2
    0.45714285714286    0.45714285714286    0.00000000000000             2
    0.48571428571429    0.45714285714286    0.00000000000000             2
   -0.48571428571429    0.45714285714286    0.00000000000000             2
   -0.45714285714286    0.45714285714286    0.00000000000000             2
   -0.42857142857143    0.45714285714286    0.00000000000000             2
   -0.40000000000000    0.45714285714286    0.00000000000000             2
   -0.37142857142857    0.45714285714286    0.00000000000000             2
   -0.34285714285714    0.45714285714286    0.00000000000000             2
   -0.31428571428571    0.45714285714286    0.00000000000000             2
   -0.28571428571429    0.45714285714286    0.00000000000000             2
   -0.25714285714286    0.45714285714286    0.00000000000000             2
   -0.22857142857143    0.45714285714286    0.00000000000000             2
   -0.20000000000000    0.45714285714286    0.00000000000000             2
   -0.17142857142857    0.45714285714286    0.00000000000000             2
   -0.14285714285714    0.45714285714286    0.00000000000000             2
   -0.11428571428571    0.45714285714286    0.00000000000000             2
   -0.08571428571429    0.45714285714286    0.00000000000000             2
   -0.05714285714286    0.45714285714286    0.00000000000000             2
   -0.02857142857143    0.45714285714286    0.00000000000000             2
    0.00000000000000    0.48571428571429    0.00000000000000             2
    0.02857142857143    0.48571428571429    0.00000000000000             2
    0.05714285714286    0.48571428571429    0.00000000000000             2
    0.08571428571429    0.48571428571429    0.00000000000000             2
    0.11428571428571    0.48571428571429    0.00000000000000             2
    0.14285714285714    0.48571428571429    0.00000000000000             2
    0.17142857142857    0.48571428571429    0.00000000000000             2
    0.20000000000000    0.48571428571429    0.00000000000000             2
    0.22857142857143    0.48571428571429    0.00000000000000             2
    0.25714285714286    0.48571428571429    0.00000000000000             2
    0.28571428571429    0.48571428571429    0.00000000000000             2
    0.31428571428571    0.48571428571429    0.00000000000000             2
    0.34285714285714    0.48571428571429    0.00000000000000             2
    0.37142857142857    0.48571428571429    0.00000000000000             2
    0.40000000000000    0.48571428571429    0.00000000000000             2
    0.42857142857143    0.48571428571429    0.00000000000000             2
    0.45714285714286    0.48571428571429    0.00000000000000             2
    0.48571428571429    0.48571428571429    0.00000000000000             2
   -0.48571428571429    0.48571428571429    0.00000000000000             2
   -0.45714285714286    0.48571428571429    0.00000000000000             2
   -0.42857142857143    0.48571428571429    0.00000000000000             2
   -0.40000000000000    0.48571428571429    0.00000000000000             2
   -0.37142857142857    0.48571428571429    0.00000000000000             2
   -0.34285714285714    0.48571428571429    0.00000000000000             2
   -0.31428571428571    0.48571428571429    0.00000000000000             2
   -0.28571428571429    0.48571428571429    0.00000000000000             2
   -0.25714285714286    0.48571428571429    0.00000000000000             2
   -0.22857142857143    0.48571428571429    0.00000000000000             2
   -0.20000000000000    0.48571428571429    0.00000000000000             2
   -0.17142857142857    0.48571428571429    0.00000000000000             2
   -0.14285714285714    0.48571428571429    0.00000000000000             2
   -0.11428571428571    0.48571428571429    0.00000000000000             2
   -0.08571428571429    0.48571428571429    0.00000000000000             2
   -0.05714285714286    0.48571428571429    0.00000000000000             2
   -0.02857142857143    0.48571428571429    0.00000000000000             2
