Automatically generated mesh
     724
Reciprocal lattice
    0.00000000000000    0.00000000000000    0.00000000000000             1
    0.02631578947368    0.00000000000000    0.00000000000000             2
    0.05263157894737    0.00000000000000    0.00000000000000             2
    0.07894736842105    0.00000000000000    0.00000000000000             2
    0.10526315789474    0.00000000000000    0.00000000000000             2
    0.13157894736842    0.00000000000000    0.00000000000000             2
    0.15789473684211    0.00000000000000    0.00000000000000             2
    0.18421052631579    0.00000000000000    0.00000000000000             2
    0.21052631578947    0.00000000000000    0.00000000000000             2
    0.23684210526316    0.00000000000000    0.00000000000000             2
    0.26315789473684    0.00000000000000    0.00000000000000             2
    0.28947368421053    0.00000000000000    0.00000000000000             2
    0.31578947368421    0.00000000000000    0.00000000000000             2
    0.34210526315789    0.00000000000000    0.00000000000000             2
    0.36842105263158    0.00000000000000    0.00000000000000             2
    0.39473684210526    0.00000000000000    0.00000000000000             2
    0.42105263157895    0.00000000000000    0.00000000000000             2
    0.44736842105263    0.00000000000000    0.00000000000000             2
    0.47368421052632    0.00000000000000    0.00000000000000             2
    0.50000000000000    0.00000000000000    0.00000000000000             1
    0.00000000000000    0.02631578947368    0.00000000000000             2
    0.02631578947368    0.02631578947368    0.00000000000000             2
    0.05263157894737    0.02631578947368    0.00000000000000             2
    0.07894736842105    0.02631578947368    0.00000000000000             2
    0.10526315789474    0.02631578947368    0.00000000000000             2
    0.13157894736842    0.02631578947368    0.00000000000000             2
    0.15789473684211    0.02631578947368    0.00000000000000             2
    0.18421052631579    0.02631578947368    0.00000000000000             2
    0.21052631578947    0.02631578947368    0.00000000000000             2
    0.23684210526316    0.02631578947368    0.00000000000000             2
    0.26315789473684    0.02631578947368    0.00000000000000             2
    0.28947368421053    0.02631578947368    0.00000000000000             2
    0.31578947368421    0.02631578947368    0.00000000000000             2
    0.34210526315789    0.02631578947368    0.00000000000000             2
    0.36842105263158    0.02631578947368    0.00000000000000             2
    0.39473684210526    0.02631578947368    0.00000000000000             2
    0.42105263157895    0.02631578947368    0.00000000000000             2
    0.44736842105263    0.02631578947368    0.00000000000000             2
    0.47368421052632    0.02631578947368    0.00000000000000             2
    0.50000000000000    0.02631578947368    0.00000000000000             2
   -0.47368421052632    0.02631578947368    0.00000000000000             2
   -0.44736842105263    0.02631578947368    0.00000000000000             2
   -0.42105263157895    0.02631578947368    0.00000000000000             2
   -0.39473684210526    0.02631578947368    0.00000000000000             2
   -0.36842105263158    0.02631578947368    0.00000000000000             2
   -0.34210526315789    0.02631578947368    0.00000000000000             2
   -0.31578947368421    0.02631578947368    0.00000000000000             2
   -0.28947368421053    0.02631578947368    0.00000000000000             2
   -0.26315789473684    0.02631578947368    0.00000000000000             2
   -0.23684210526316    0.02631578947368    0.00000000000000             2
   -0.21052631578947    0.02631578947368    0.00000000000000             2
   -0.18421052631579    0.02631578947368    0.00000000000000             2
   -0.15789473684211    0.02631578947368    0.00000000000000             2
   -0.13157894736842    0.02631578947368    0.00000000000000             2
   -0.10526315789474    0.02631578947368    0.00000000000000             2
   -0.07894736842105    0.02631578947368    0.00000000000000             2
   -0.05263157894737    0.02631578947368    0.00000000000000             2
   -0.02631578947368    0.02631578947368    0.00000000000000             2
    0.00000000000000    0.05263157894737    0.00000000000000             2
    0.02631578947368    0.05263157894737    0.00000000000000             2
    0.05263157894737    0.05263157894737    0.00000000000000             2
    0.07894736842105    0.05263157894737    0.00000000000000             2
    0.10526315789474    0.05263157894737    0.00000000000000             2
    0.13157894736842    0.05263157894737    0.00000000000000             2
    0.15789473684211    0.05263157894737    0.00000000000000             2
    0.18421052631579    0.05263157894737    0.00000000000000             2
    0.21052631578947    0.05263157894737    0.00000000000000             2
    0.23684210526316    0.05263157894737    0.00000000000000             2
    0.26315789473684    0.05263157894737    0.00000000000000             2
    0.28947368421053    0.05263157894737    0.00000000000000             2
    0.31578947368421    0.05263157894737    0.00000000000000             2
    0.34210526315789    0.05263157894737    0.00000000000000             2
    0.36842105263158    0.05263157894737    0.00000000000000             2
    0.39473684210526    0.05263157894737    0.00000000000000             2
    0.42105263157895    0.05263157894737    0.00000000000000             2
    0.44736842105263    0.05263157894737    0.00000000000000             2
    0.47368421052632    0.05263157894737    0.00000000000000             2
    0.50000000000000    0.05263157894737    0.00000000000000             2
   -0.47368421052632    0.05263157894737    0.00000000000000             2
   -0.44736842105263    0.05263157894737    0.00000000000000             2
   -0.42105263157895    0.05263157894737    0.00000000000000             2
   -0.39473684210526    0.05263157894737    0.00000000000000             2
   -0.36842105263158    0.05263157894737    0.00000000000000             2
   -0.34210526315789    0.05263157894737    0.00000000000000             2
   -0.31578947368421    0.05263157894737    0.00000000000000             2
   -0.28947368421053    0.05263157894737    0.00000000000000             2
   -0.26315789473684    0.05263157894737    0.00000000000000             2
   -0.23684210526316    0.05263157894737    0.00000000000000             2
   -0.21052631578947    0.05263157894737    0.00000000000000             2
   -0.18421052631579    0.05263157894737    0.00000000000000             2
   -0.15789473684211    0.05263157894737    0.00000000000000             2
   -0.13157894736842    0.05263157894737    0.00000000000000             2
   -0.10526315789474    0.05263157894737    0.00000000000000             2
   -0.07894736842105    0.05263157894737    0.00000000000000             2
   -0.05263157894737    0.05263157894737    0.00000000000000             2
   -0.02631578947368    0.05263157894737    0.00000000000000             2
    0.00000000000000    0.07894736842105    0.00000000000000             2
    0.02631578947368    0.07894736842105    0.00000000000000             2
    0.05263157894737    0.07894736842105    0.00000000000000             2
    0.07894736842105    0.07894736842105    0.00000000000000             2
    0.10526315789474    0.07894736842105    0.00000000000000             2
    0.13157894736842    0.07894736842105    0.00000000000000             2
    0.15789473684211    0.07894736842105    0.00000000000000             2
    0.18421052631579    0.07894736842105    0.00000000000000             2
    0.21052631578947    0.07894736842105    0.00000000000000             2
    0.23684210526316    0.07894736842105    0.00000000000000             2
    0.26315789473684    0.07894736842105    0.00000000000000             2
    0.28947368421053    0.07894736842105    0.00000000000000             2
    0.31578947368421    0.07894736842105    0.00000000000000             2
    0.34210526315789    0.07894736842105    0.00000000000000             2
    0.36842105263158    0.07894736842105    0.00000000000000             2
    0.39473684210526    0.07894736842105    0.00000000000000             2
    0.42105263157895    0.07894736842105    0.00000000000000             2
    0.44736842105263    0.07894736842105    0.00000000000000             2
    0.47368421052632    0.07894736842105    0.00000000000000             2
    0.50000000000000    0.07894736842105    0.00000000000000             2
   -0.47368421052632    0.07894736842105    0.00000000000000             2
   -0.44736842105263    0.07894736842105    0.00000000000000             2
   -0.42105263157895    0.07894736842105    0.00000000000000             2
   -0.39473684210526    0.07894736842105    0.00000000000000             2
   -0.36842105263158    0.07894736842105    0.00000000000000             2
   -0.34210526315789    0.07894736842105    0.00000000000000             2
   -0.31578947368421    0.07894736842105    0.00000000000000             2
   -0.28947368421053    0.07894736842105    0.00000000000000             2
   -0.26315789473684    0.07894736842105    0.00000000000000             2
   -0.23684210526316    0.07894736842105    0.00000000000000             2
   -0.21052631578947    0.07894736842105    0.00000000000000             2
   -0.18421052631579    0.07894736842105    0.00000000000000             2
   -0.15789473684211    0.07894736842105    0.00000000000000             2
   -0.13157894736842    0.07894736842105    0.00000000000000             2
   -0.10526315789474    0.07894736842105    0.00000000000000             2
   -0.07894736842105    0.07894736842105    0.00000000000000             2
   -0.05263157894737    0.07894736842105    0.00000000000000             2
   -0.02631578947368    0.07894736842105    0.00000000000000             2
    0.00000000000000    0.10526315789474    0.00000000000000             2
    0.02631578947368    0.10526315789474    0.00000000000000             2
    0.05263157894737    0.10526315789474    0.00000000000000             2
    0.07894736842105    0.10526315789474    0.00000000000000             2
    0.10526315789474    0.10526315789474    0.00000000000000             2
    0.13157894736842    0.10526315789474    0.00000000000000             2
    0.15789473684211    0.10526315789474    0.00000000000000             2
    0.18421052631579    0.10526315789474    0.00000000000000             2
    0.21052631578947    0.10526315789474    0.00000000000000             2
    0.23684210526316    0.10526315789474    0.00000000000000             2
    0.26315789473684    0.10526315789474    0.00000000000000             2
    0.28947368421053    0.10526315789474    0.00000000000000             2
    0.31578947368421    0.10526315789474    0.00000000000000             2
    0.34210526315789    0.10526315789474    0.00000000000000             2
    0.36842105263158    0.10526315789474    0.00000000000000             2
    0.39473684210526    0.10526315789474    0.00000000000000             2
    0.42105263157895    0.10526315789474    0.00000000000000             2
    0.44736842105263    0.10526315789474    0.00000000000000             2
    0.47368421052632    0.10526315789474    0.00000000000000             2
    0.50000000000000    0.10526315789474    0.00000000000000             2
   -0.47368421052632    0.10526315789474    0.00000000000000             2
   -0.44736842105263    0.10526315789474    0.00000000000000             2
   -0.42105263157895    0.10526315789474    0.00000000000000             2
   -0.39473684210526    0.10526315789474    0.00000000000000             2
   -0.36842105263158    0.10526315789474    0.00000000000000             2
   -0.34210526315789    0.10526315789474    0.00000000000000             2
   -0.31578947368421    0.10526315789474    0.00000000000000             2
   -0.28947368421053    0.10526315789474    0.00000000000000             2
   -0.26315789473684    0.10526315789474    0.00000000000000             2
   -0.23684210526316    0.10526315789474    0.00000000000000             2
   -0.21052631578947    0.10526315789474    0.00000000000000             2
   -0.18421052631579    0.10526315789474    0.00000000000000             2
   -0.15789473684211    0.10526315789474    0.00000000000000             2
   -0.13157894736842    0.10526315789474    0.00000000000000             2
   -0.10526315789474    0.10526315789474    0.00000000000000             2
   -0.07894736842105    0.10526315789474    0.00000000000000             2
   -0.05263157894737    0.10526315789474    0.00000000000000             2
   -0.02631578947368    0.10526315789474    0.00000000000000             2
    0.00000000000000    0.13157894736842    0.00000000000000             2
    0.02631578947368    0.13157894736842    0.00000000000000             2
    0.05263157894737    0.13157894736842    0.00000000000000             2
    0.07894736842105    0.13157894736842    0.00000000000000             2
    0.10526315789474    0.13157894736842    0.00000000000000             2
    0.13157894736842    0.13157894736842    0.00000000000000             2
    0.15789473684211    0.13157894736842    0.00000000000000             2
    0.18421052631579    0.13157894736842    0.00000000000000             2
    0.21052631578947    0.13157894736842    0.00000000000000             2
    0.23684210526316    0.13157894736842    0.00000000000000             2
    0.26315789473684    0.13157894736842    0.00000000000000             2
    0.28947368421053    0.13157894736842    0.00000000000000             2
    0.31578947368421    0.13157894736842    0.00000000000000             2
    0.34210526315789    0.13157894736842    0.00000000000000             2
    0.36842105263158    0.13157894736842    0.00000000000000             2
    0.39473684210526    0.13157894736842    0.00000000000000             2
    0.42105263157895    0.13157894736842    0.00000000000000             2
    0.44736842105263    0.13157894736842    0.00000000000000             2
    0.47368421052632    0.13157894736842    0.00000000000000             2
    0.50000000000000    0.13157894736842    0.00000000000000             2
   -0.47368421052632    0.13157894736842    0.00000000000000             2
   -0.44736842105263    0.13157894736842    0.00000000000000             2
   -0.42105263157895    0.13157894736842    0.00000000000000             2
   -0.39473684210526    0.13157894736842    0.00000000000000             2
   -0.36842105263158    0.13157894736842    0.00000000000000             2
   -0.34210526315789    0.13157894736842    0.00000000000000             2
   -0.31578947368421    0.13157894736842    0.00000000000000             2
   -0.28947368421053    0.13157894736842    0.00000000000000             2
   -0.26315789473684    0.13157894736842    0.00000000000000             2
   -0.23684210526316    0.13157894736842    0.00000000000000             2
   -0.21052631578947    0.13157894736842    0.00000000000000             2
   -0.18421052631579    0.13157894736842    0.00000000000000             2
   -0.15789473684211    0.13157894736842    0.00000000000000             2
   -0.13157894736842    0.13157894736842    0.00000000000000             2
   -0.10526315789474    0.13157894736842    0.00000000000000             2
   -0.07894736842105    0.13157894736842    0.00000000000000             2
   -0.05263157894737    0.13157894736842    0.00000000000000             2
   -0.02631578947368    0.13157894736842    0.00000000000000             2
    0.00000000000000    0.15789473684211    0.00000000000000             2
    0.02631578947368    0.15789473684211    0.00000000000000             2
    0.05263157894737    0.15789473684211    0.00000000000000             2
    0.07894736842105    0.15789473684211    0.00000000000000             2
    0.10526315789474    0.15789473684211    0.00000000000000             2
    0.13157894736842    0.15789473684211    0.00000000000000             2
    0.15789473684211    0.15789473684211    0.00000000000000             2
    0.18421052631579    0.15789473684211    0.00000000000000             2
    0.21052631578947    0.15789473684211    0.00000000000000             2
    0.23684210526316    0.15789473684211    0.00000000000000             2
    0.26315789473684    0.15789473684211    0.00000000000000             2
    0.28947368421053    0.15789473684211    0.00000000000000             2
    0.31578947368421    0.15789473684211    0.00000000000000             2
    0.34210526315789    0.15789473684211    0.00000000000000             2
    0.36842105263158    0.15789473684211    0.00000000000000             2
    0.39473684210526    0.15789473684211    0.00000000000000             2
    0.42105263157895    0.15789473684211    0.00000000000000             2
    0.44736842105263    0.15789473684211    0.00000000000000             2
    0.47368421052632    0.15789473684211    0.00000000000000             2
    0.50000000000000    0.15789473684211    0.00000000000000             2
   -0.47368421052632    0.15789473684211    0.00000000000000             2
   -0.44736842105263    0.15789473684211    0.00000000000000             2
   -0.42105263157895    0.15789473684211    0.00000000000000             2
   -0.39473684210526    0.15789473684211    0.00000000000000             2
   -0.36842105263158    0.15789473684211    0.00000000000000             2
   -0.34210526315789    0.15789473684211    0.00000000000000             2
   -0.31578947368421    0.15789473684211    0.00000000000000             2
   -0.28947368421053    0.15789473684211    0.00000000000000             2
   -0.26315789473684    0.15789473684211    0.00000000000000             2
   -0.23684210526316    0.15789473684211    0.00000000000000             2
   -0.21052631578947    0.15789473684211    0.00000000000000             2
   -0.18421052631579    0.15789473684211    0.00000000000000             2
   -0.15789473684211    0.15789473684211    0.00000000000000             2
   -0.13157894736842    0.15789473684211    0.00000000000000             2
   -0.10526315789474    0.15789473684211    0.00000000000000             2
   -0.07894736842105    0.15789473684211    0.00000000000000             2
   -0.05263157894737    0.15789473684211    0.00000000000000             2
   -0.02631578947368    0.15789473684211    0.00000000000000             2
    0.00000000000000    0.18421052631579    0.00000000000000             2
    0.02631578947368    0.18421052631579    0.00000000000000             2
    0.05263157894737    0.18421052631579    0.00000000000000             2
    0.07894736842105    0.18421052631579    0.00000000000000             2
    0.10526315789474    0.18421052631579    0.00000000000000             2
    0.13157894736842    0.18421052631579    0.00000000000000             2
    0.15789473684211    0.18421052631579    0.00000000000000             2
    0.18421052631579    0.18421052631579    0.00000000000000             2
    0.21052631578947    0.18421052631579    0.00000000000000             2
    0.23684210526316    0.18421052631579    0.00000000000000             2
    0.26315789473684    0.18421052631579    0.00000000000000             2
    0.28947368421053    0.18421052631579    0.00000000000000             2
    0.31578947368421    0.18421052631579    0.00000000000000             2
    0.34210526315789    0.18421052631579    0.00000000000000             2
    0.36842105263158    0.18421052631579    0.00000000000000             2
    0.39473684210526    0.18421052631579    0.00000000000000             2
    0.42105263157895    0.18421052631579    0.00000000000000             2
    0.44736842105263    0.18421052631579    0.00000000000000             2
    0.47368421052632    0.18421052631579    0.00000000000000             2
    0.50000000000000    0.18421052631579    0.00000000000000             2
   -0.47368421052632    0.18421052631579    0.00000000000000             2
   -0.44736842105263    0.18421052631579    0.00000000000000             2
   -0.42105263157895    0.18421052631579    0.00000000000000             2
   -0.39473684210526    0.18421052631579    0.00000000000000             2
   -0.36842105263158    0.18421052631579    0.00000000000000             2
   -0.34210526315789    0.18421052631579    0.00000000000000             2
   -0.31578947368421    0.18421052631579    0.00000000000000             2
   -0.28947368421053    0.18421052631579    0.00000000000000             2
   -0.26315789473684    0.18421052631579    0.00000000000000             2
   -0.23684210526316    0.18421052631579    0.00000000000000             2
   -0.21052631578947    0.18421052631579    0.00000000000000             2
   -0.18421052631579    0.18421052631579    0.00000000000000             2
   -0.15789473684211    0.18421052631579    0.00000000000000             2
   -0.13157894736842    0.18421052631579    0.00000000000000             2
   -0.10526315789474    0.18421052631579    0.00000000000000             2
   -0.07894736842105    0.18421052631579    0.00000000000000             2
   -0.05263157894737    0.18421052631579    0.00000000000000             2
   -0.02631578947368    0.18421052631579    0.00000000000000             2
    0.00000000000000    0.21052631578947    0.00000000000000             2
    0.02631578947368    0.21052631578947    0.00000000000000             2
    0.05263157894737    0.21052631578947    0.00000000000000             2
    0.07894736842105    0.21052631578947    0.00000000000000             2
    0.10526315789474    0.21052631578947    0.00000000000000             2
    0.13157894736842    0.21052631578947    0.00000000000000             2
    0.15789473684211    0.21052631578947    0.00000000000000             2
    0.18421052631579    0.21052631578947    0.00000000000000             2
    0.21052631578947    0.21052631578947    0.00000000000000             2
    0.23684210526316    0.21052631578947    0.00000000000000             2
    0.26315789473684    0.21052631578947    0.00000000000000             2
    0.28947368421053    0.21052631578947    0.00000000000000             2
    0.31578947368421    0.21052631578947    0.00000000000000             2
    0.34210526315789    0.21052631578947    0.00000000000000             2
    0.36842105263158    0.21052631578947    0.00000000000000             2
    0.39473684210526    0.21052631578947    0.00000000000000             2
    0.42105263157895    0.21052631578947    0.00000000000000             2
    0.44736842105263    0.21052631578947    0.00000000000000             2
    0.47368421052632    0.21052631578947    0.00000000000000             2
    0.50000000000000    0.21052631578947    0.00000000000000             2
   -0.47368421052632    0.21052631578947    0.00000000000000             2
   -0.44736842105263    0.21052631578947    0.00000000000000             2
   -0.42105263157895    0.21052631578947    0.00000000000000             2
   -0.39473684210526    0.21052631578947    0.00000000000000             2
   -0.36842105263158    0.21052631578947    0.00000000000000             2
   -0.34210526315789    0.21052631578947    0.00000000000000             2
   -0.31578947368421    0.21052631578947    0.00000000000000             2
   -0.28947368421053    0.21052631578947    0.00000000000000             2
   -0.26315789473684    0.21052631578947    0.00000000000000             2
   -0.23684210526316    0.21052631578947    0.00000000000000             2
   -0.21052631578947    0.21052631578947    0.00000000000000             2
   -0.18421052631579    0.21052631578947    0.00000000000000             2
   -0.15789473684211    0.21052631578947    0.00000000000000             2
   -0.13157894736842    0.21052631578947    0.00000000000000             2
   -0.10526315789474    0.21052631578947    0.00000000000000             2
   -0.07894736842105    0.21052631578947    0.00000000000000             2
   -0.05263157894737    0.21052631578947    0.00000000000000             2
   -0.02631578947368    0.21052631578947    0.00000000000000             2
    0.00000000000000    0.23684210526316    0.00000000000000             2
    0.02631578947368    0.23684210526316    0.00000000000000             2
    0.05263157894737    0.23684210526316    0.00000000000000             2
    0.07894736842105    0.23684210526316    0.00000000000000             2
    0.10526315789474    0.23684210526316    0.00000000000000             2
    0.13157894736842    0.23684210526316    0.00000000000000             2
    0.15789473684211    0.23684210526316    0.00000000000000             2
    0.18421052631579    0.23684210526316    0.00000000000000             2
    0.21052631578947    0.23684210526316    0.00000000000000             2
    0.23684210526316    0.23684210526316    0.00000000000000             2
    0.26315789473684    0.23684210526316    0.00000000000000             2
    0.28947368421053    0.23684210526316    0.00000000000000             2
    0.31578947368421    0.23684210526316    0.00000000000000             2
    0.34210526315789    0.23684210526316    0.00000000000000             2
    0.36842105263158    0.23684210526316    0.00000000000000             2
    0.39473684210526    0.23684210526316    0.00000000000000             2
    0.42105263157895    0.23684210526316    0.00000000000000             2
    0.44736842105263    0.23684210526316    0.00000000000000             2
    0.47368421052632    0.23684210526316    0.00000000000000             2
    0.50000000000000    0.23684210526316    0.00000000000000             2
   -0.47368421052632    0.23684210526316    0.00000000000000             2
   -0.44736842105263    0.23684210526316    0.00000000000000             2
   -0.42105263157895    0.23684210526316    0.00000000000000             2
   -0.39473684210526    0.23684210526316    0.00000000000000             2
   -0.36842105263158    0.23684210526316    0.00000000000000             2
   -0.34210526315789    0.23684210526316    0.00000000000000             2
   -0.31578947368421    0.23684210526316    0.00000000000000             2
   -0.28947368421053    0.23684210526316    0.00000000000000             2
   -0.26315789473684    0.23684210526316    0.00000000000000             2
   -0.23684210526316    0.23684210526316    0.00000000000000             2
   -0.21052631578947    0.23684210526316    0.00000000000000             2
   -0.18421052631579    0.23684210526316    0.00000000000000             2
   -0.15789473684211    0.23684210526316    0.00000000000000             2
   -0.13157894736842    0.23684210526316    0.00000000000000             2
   -0.10526315789474    0.23684210526316    0.00000000000000             2
   -0.07894736842105    0.23684210526316    0.00000000000000             2
   -0.05263157894737    0.23684210526316    0.00000000000000             2
   -0.02631578947368    0.23684210526316    0.00000000000000             2
    0.00000000000000    0.26315789473684    0.00000000000000             2
    0.02631578947368    0.26315789473684    0.00000000000000             2
    0.05263157894737    0.26315789473684    0.00000000000000             2
    0.07894736842105    0.26315789473684    0.00000000000000             2
    0.10526315789474    0.26315789473684    0.00000000000000             2
    0.13157894736842    0.26315789473684    0.00000000000000             2
    0.15789473684211    0.26315789473684    0.00000000000000             2
    0.18421052631579    0.26315789473684    0.00000000000000             2
    0.21052631578947    0.26315789473684    0.00000000000000             2
    0.23684210526316    0.26315789473684    0.00000000000000             2
    0.26315789473684    0.26315789473684    0.00000000000000             2
    0.28947368421053    0.26315789473684    0.00000000000000             2
    0.31578947368421    0.26315789473684    0.00000000000000             2
    0.34210526315789    0.26315789473684    0.00000000000000             2
    0.36842105263158    0.26315789473684    0.00000000000000             2
    0.39473684210526    0.26315789473684    0.00000000000000             2
    0.42105263157895    0.26315789473684    0.00000000000000             2
    0.44736842105263    0.26315789473684    0.00000000000000             2
    0.47368421052632    0.26315789473684    0.00000000000000             2
    0.50000000000000    0.26315789473684    0.00000000000000             2
   -0.47368421052632    0.26315789473684    0.00000000000000             2
   -0.44736842105263    0.26315789473684    0.00000000000000             2
   -0.42105263157895    0.26315789473684    0.00000000000000             2
   -0.39473684210526    0.26315789473684    0.00000000000000             2
   -0.36842105263158    0.26315789473684    0.00000000000000             2
   -0.34210526315789    0.26315789473684    0.00000000000000             2
   -0.31578947368421    0.26315789473684    0.00000000000000             2
   -0.28947368421053    0.26315789473684    0.00000000000000             2
   -0.26315789473684    0.26315789473684    0.00000000000000             2
   -0.23684210526316    0.26315789473684    0.00000000000000             2
   -0.21052631578947    0.26315789473684    0.00000000000000             2
   -0.18421052631579    0.26315789473684    0.00000000000000             2
   -0.15789473684211    0.26315789473684    0.00000000000000             2
   -0.13157894736842    0.26315789473684    0.00000000000000             2
   -0.10526315789474    0.26315789473684    0.00000000000000             2
   -0.07894736842105    0.26315789473684    0.00000000000000             2
   -0.05263157894737    0.26315789473684    0.00000000000000             2
   -0.02631578947368    0.26315789473684    0.00000000000000             2
    0.00000000000000    0.28947368421053    0.00000000000000             2
    0.02631578947368    0.28947368421053    0.00000000000000             2
    0.05263157894737    0.28947368421053    0.00000000000000             2
    0.07894736842105    0.28947368421053    0.00000000000000             2
    0.10526315789474    0.28947368421053    0.00000000000000             2
    0.13157894736842    0.28947368421053    0.00000000000000             2
    0.15789473684211    0.28947368421053    0.00000000000000             2
    0.18421052631579    0.28947368421053    0.00000000000000             2
    0.21052631578947    0.28947368421053    0.00000000000000             2
    0.23684210526316    0.28947368421053    0.00000000000000             2
    0.26315789473684    0.28947368421053    0.00000000000000             2
    0.28947368421053    0.28947368421053    0.00000000000000             2
    0.31578947368421    0.28947368421053    0.00000000000000             2
    0.34210526315789    0.28947368421053    0.00000000000000             2
    0.36842105263158    0.28947368421053    0.00000000000000             2
    0.39473684210526    0.28947368421053    0.00000000000000             2
    0.42105263157895    0.28947368421053    0.00000000000000             2
    0.44736842105263    0.28947368421053    0.00000000000000             2
    0.47368421052632    0.28947368421053    0.00000000000000             2
    0.50000000000000    0.28947368421053    0.00000000000000             2
   -0.47368421052632    0.28947368421053    0.00000000000000             2
   -0.44736842105263    0.28947368421053    0.00000000000000             2
   -0.42105263157895    0.28947368421053    0.00000000000000             2
   -0.39473684210526    0.28947368421053    0.00000000000000             2
   -0.36842105263158    0.28947368421053    0.00000000000000             2
   -0.34210526315789    0.28947368421053    0.00000000000000             2
   -0.31578947368421    0.28947368421053    0.00000000000000             2
   -0.28947368421053    0.28947368421053    0.00000000000000             2
   -0.26315789473684    0.28947368421053    0.00000000000000             2
   -0.23684210526316    0.28947368421053    0.00000000000000             2
   -0.21052631578947    0.28947368421053    0.00000000000000             2
   -0.18421052631579    0.28947368421053    0.00000000000000             2
   -0.15789473684211    0.28947368421053    0.00000000000000             2
   -0.13157894736842    0.28947368421053    0.00000000000000             2
   -0.10526315789474    0.28947368421053    0.00000000000000             2
   -0.07894736842105    0.28947368421053    0.00000000000000             2
   -0.05263157894737    0.28947368421053    0.00000000000000             2
   -0.02631578947368    0.28947368421053    0.00000000000000             2
    0.00000000000000    0.31578947368421    0.00000000000000             2
    0.02631578947368    0.31578947368421    0.00000000000000             2
    0.05263157894737    0.31578947368421    0.00000000000000             2
    0.07894736842105    0.31578947368421    0.00000000000000             2
    0.10526315789474    0.31578947368421    0.00000000000000             2
    0.13157894736842    0.31578947368421    0.00000000000000             2
    0.15789473684211    0.31578947368421    0.00000000000000             2
    0.18421052631579    0.31578947368421    0.00000000000000             2
    0.21052631578947    0.31578947368421    0.00000000000000             2
    0.23684210526316    0.31578947368421    0.00000000000000             2
    0.26315789473684    0.31578947368421    0.00000000000000             2
    0.28947368421053    0.31578947368421    0.00000000000000             2
    0.31578947368421    0.31578947368421    0.00000000000000             2
    0.34210526315789    0.31578947368421    0.00000000000000             2
    0.36842105263158    0.31578947368421    0.00000000000000             2
    0.39473684210526    0.31578947368421    0.00000000000000             2
    0.42105263157895    0.31578947368421    0.00000000000000             2
    0.44736842105263    0.31578947368421    0.00000000000000             2
    0.47368421052632    0.31578947368421    0.00000000000000             2
    0.50000000000000    0.31578947368421    0.00000000000000             2
   -0.47368421052632    0.31578947368421    0.00000000000000             2
   -0.44736842105263    0.31578947368421    0.00000000000000             2
   -0.42105263157895    0.31578947368421    0.00000000000000             2
   -0.39473684210526    0.31578947368421    0.00000000000000             2
   -0.36842105263158    0.31578947368421    0.00000000000000             2
   -0.34210526315789    0.31578947368421    0.00000000000000             2
   -0.31578947368421    0.31578947368421    0.00000000000000             2
   -0.28947368421053    0.31578947368421    0.00000000000000             2
   -0.26315789473684    0.31578947368421    0.00000000000000             2
   -0.23684210526316    0.31578947368421    0.00000000000000             2
   -0.21052631578947    0.31578947368421    0.00000000000000             2
   -0.18421052631579    0.31578947368421    0.00000000000000             2
   -0.15789473684211    0.31578947368421    0.00000000000000             2
   -0.13157894736842    0.31578947368421    0.00000000000000             2
   -0.10526315789474    0.31578947368421    0.00000000000000             2
   -0.07894736842105    0.31578947368421    0.00000000000000             2
   -0.05263157894737    0.31578947368421    0.00000000000000             2
   -0.02631578947368    0.31578947368421    0.00000000000000             2
    0.00000000000000    0.34210526315789    0.00000000000000             2
    0.02631578947368    0.34210526315789    0.00000000000000             2
    0.05263157894737    0.34210526315789    0.00000000000000             2
    0.07894736842105    0.34210526315789    0.00000000000000             2
    0.10526315789474    0.34210526315789    0.00000000000000             2
    0.13157894736842    0.34210526315789    0.00000000000000             2
    0.15789473684211    0.34210526315789    0.00000000000000             2
    0.18421052631579    0.34210526315789    0.00000000000000             2
    0.21052631578947    0.34210526315789    0.00000000000000             2
    0.23684210526316    0.34210526315789    0.00000000000000             2
    0.26315789473684    0.34210526315789    0.00000000000000             2
    0.28947368421053    0.34210526315789    0.00000000000000             2
    0.31578947368421    0.34210526315789    0.00000000000000             2
    0.34210526315789    0.34210526315789    0.00000000000000             2
    0.36842105263158    0.34210526315789    0.00000000000000             2
    0.39473684210526    0.34210526315789    0.00000000000000             2
    0.42105263157895    0.34210526315789    0.00000000000000             2
    0.44736842105263    0.34210526315789    0.00000000000000             2
    0.47368421052632    0.34210526315789    0.00000000000000             2
    0.50000000000000    0.34210526315789    0.00000000000000             2
   -0.47368421052632    0.34210526315789    0.00000000000000             2
   -0.44736842105263    0.34210526315789    0.00000000000000             2
   -0.42105263157895    0.34210526315789    0.00000000000000             2
   -0.39473684210526    0.34210526315789    0.00000000000000             2
   -0.36842105263158    0.34210526315789    0.00000000000000             2
   -0.34210526315789    0.34210526315789    0.00000000000000             2
   -0.31578947368421    0.34210526315789    0.00000000000000             2
   -0.28947368421053    0.34210526315789    0.00000000000000             2
   -0.26315789473684    0.34210526315789    0.00000000000000             2
   -0.23684210526316    0.34210526315789    0.00000000000000             2
   -0.21052631578947    0.34210526315789    0.00000000000000             2
   -0.18421052631579    0.34210526315789    0.00000000000000             2
   -0.15789473684211    0.34210526315789    0.00000000000000             2
   -0.13157894736842    0.34210526315789    0.00000000000000             2
   -0.10526315789474    0.34210526315789    0.00000000000000             2
   -0.07894736842105    0.34210526315789    0.00000000000000             2
   -0.05263157894737    0.34210526315789    0.00000000000000             2
   -0.02631578947368    0.34210526315789    0.00000000000000             2
    0.00000000000000    0.36842105263158    0.00000000000000             2
    0.02631578947368    0.36842105263158    0.00000000000000             2
    0.05263157894737    0.36842105263158    0.00000000000000             2
    0.07894736842105    0.36842105263158    0.00000000000000             2
    0.10526315789474    0.36842105263158    0.00000000000000             2
    0.13157894736842    0.36842105263158    0.00000000000000             2
    0.15789473684211    0.36842105263158    0.00000000000000             2
    0.18421052631579    0.36842105263158    0.00000000000000             2
    0.21052631578947    0.36842105263158    0.00000000000000             2
    0.23684210526316    0.36842105263158    0.00000000000000             2
    0.26315789473684    0.36842105263158    0.00000000000000             2
    0.28947368421053    0.36842105263158    0.00000000000000             2
    0.31578947368421    0.36842105263158    0.00000000000000             2
    0.34210526315789    0.36842105263158    0.00000000000000             2
    0.36842105263158    0.36842105263158    0.00000000000000             2
    0.39473684210526    0.36842105263158    0.00000000000000             2
    0.42105263157895    0.36842105263158    0.00000000000000             2
    0.44736842105263    0.36842105263158    0.00000000000000             2
    0.47368421052632    0.36842105263158    0.00000000000000             2
    0.50000000000000    0.36842105263158    0.00000000000000             2
   -0.47368421052632    0.36842105263158    0.00000000000000             2
   -0.44736842105263    0.36842105263158    0.00000000000000             2
   -0.42105263157895    0.36842105263158    0.00000000000000             2
   -0.39473684210526    0.36842105263158    0.00000000000000             2
   -0.36842105263158    0.36842105263158    0.00000000000000             2
   -0.34210526315789    0.36842105263158    0.00000000000000             2
   -0.31578947368421    0.36842105263158    0.00000000000000             2
   -0.28947368421053    0.36842105263158    0.00000000000000             2
   -0.26315789473684    0.36842105263158    0.00000000000000             2
   -0.23684210526316    0.36842105263158    0.00000000000000             2
   -0.21052631578947    0.36842105263158    0.00000000000000             2
   -0.18421052631579    0.36842105263158    0.00000000000000             2
   -0.15789473684211    0.36842105263158    0.00000000000000             2
   -0.13157894736842    0.36842105263158    0.00000000000000             2
   -0.10526315789474    0.36842105263158    0.00000000000000             2
   -0.07894736842105    0.36842105263158    0.00000000000000             2
   -0.05263157894737    0.36842105263158    0.00000000000000             2
   -0.02631578947368    0.36842105263158    0.00000000000000             2
    0.00000000000000    0.39473684210526    0.00000000000000             2
    0.02631578947368    0.39473684210526    0.00000000000000             2
    0.05263157894737    0.39473684210526    0.00000000000000             2
    0.07894736842105    0.39473684210526    0.00000000000000             2
    0.10526315789474    0.39473684210526    0.00000000000000             2
    0.13157894736842    0.39473684210526    0.00000000000000             2
    0.15789473684211    0.39473684210526    0.00000000000000             2
    0.18421052631579    0.39473684210526    0.00000000000000             2
    0.21052631578947    0.39473684210526    0.00000000000000             2
    0.23684210526316    0.39473684210526    0.00000000000000             2
    0.26315789473684    0.39473684210526    0.00000000000000             2
    0.28947368421053    0.39473684210526    0.00000000000000             2
    0.31578947368421    0.39473684210526    0.00000000000000             2
    0.34210526315789    0.39473684210526    0.00000000000000             2
    0.36842105263158    0.39473684210526    0.00000000000000             2
    0.39473684210526    0.39473684210526    0.00000000000000             2
    0.42105263157895    0.39473684210526    0.00000000000000             2
    0.44736842105263    0.39473684210526    0.00000000000000             2
    0.47368421052632    0.39473684210526    0.00000000000000             2
    0.50000000000000    0.39473684210526    0.00000000000000             2
   -0.47368421052632    0.39473684210526    0.00000000000000             2
   -0.44736842105263    0.39473684210526    0.00000000000000             2
   -0.42105263157895    0.39473684210526    0.00000000000000             2
   -0.39473684210526    0.39473684210526    0.00000000000000             2
   -0.36842105263158    0.39473684210526    0.00000000000000             2
   -0.34210526315789    0.39473684210526    0.00000000000000             2
   -0.31578947368421    0.39473684210526    0.00000000000000             2
   -0.28947368421053    0.39473684210526    0.00000000000000             2
   -0.26315789473684    0.39473684210526    0.00000000000000             2
   -0.23684210526316    0.39473684210526    0.00000000000000             2
   -0.21052631578947    0.39473684210526    0.00000000000000             2
   -0.18421052631579    0.39473684210526    0.00000000000000             2
   -0.15789473684211    0.39473684210526    0.00000000000000             2
   -0.13157894736842    0.39473684210526    0.00000000000000             2
   -0.10526315789474    0.39473684210526    0.00000000000000             2
   -0.07894736842105    0.39473684210526    0.00000000000000             2
   -0.05263157894737    0.39473684210526    0.00000000000000             2
   -0.02631578947368    0.39473684210526    0.00000000000000             2
    0.00000000000000    0.42105263157895    0.00000000000000             2
    0.02631578947368    0.42105263157895    0.00000000000000             2
    0.05263157894737    0.42105263157895    0.00000000000000             2
    0.07894736842105    0.42105263157895    0.00000000000000             2
    0.10526315789474    0.42105263157895    0.00000000000000             2
    0.13157894736842    0.42105263157895    0.00000000000000             2
    0.15789473684211    0.42105263157895    0.00000000000000             2
    0.18421052631579    0.42105263157895    0.00000000000000             2
    0.21052631578947    0.42105263157895    0.00000000000000             2
    0.23684210526316    0.42105263157895    0.00000000000000             2
    0.26315789473684    0.42105263157895    0.00000000000000             2
    0.28947368421053    0.42105263157895    0.00000000000000             2
    0.31578947368421    0.42105263157895    0.00000000000000             2
    0.34210526315789    0.42105263157895    0.00000000000000             2
    0.36842105263158    0.42105263157895    0.00000000000000             2
    0.39473684210526    0.42105263157895    0.00000000000000             2
    0.42105263157895    0.42105263157895    0.00000000000000             2
    0.44736842105263    0.42105263157895    0.00000000000000             2
    0.47368421052632    0.42105263157895    0.00000000000000             2
    0.50000000000000    0.42105263157895    0.00000000000000             2
   -0.47368421052632    0.42105263157895    0.00000000000000             2
   -0.44736842105263    0.42105263157895    0.00000000000000             2
   -0.42105263157895    0.42105263157895    0.00000000000000             2
   -0.39473684210526    0.42105263157895    0.00000000000000             2
   -0.36842105263158    0.42105263157895    0.00000000000000             2
   -0.34210526315789    0.42105263157895    0.00000000000000             2
   -0.31578947368421    0.42105263157895    0.00000000000000             2
   -0.28947368421053    0.42105263157895    0.00000000000000             2
   -0.26315789473684    0.42105263157895    0.00000000000000             2
   -0.23684210526316    0.42105263157895    0.00000000000000             2
   -0.21052631578947    0.42105263157895    0.00000000000000             2
   -0.18421052631579    0.42105263157895    0.00000000000000             2
   -0.15789473684211    0.42105263157895    0.00000000000000             2
   -0.13157894736842    0.42105263157895    0.00000000000000             2
   -0.10526315789474    0.42105263157895    0.00000000000000             2
   -0.07894736842105    0.42105263157895    0.00000000000000             2
   -0.05263157894737    0.42105263157895    0.00000000000000             2
   -0.02631578947368    0.42105263157895    0.00000000000000             2
    0.00000000000000    0.44736842105263    0.00000000000000             2
    0.02631578947368    0.44736842105263    0.00000000000000             2
    0.05263157894737    0.44736842105263    0.00000000000000             2
    0.07894736842105    0.44736842105263    0.00000000000000             2
    0.10526315789474    0.44736842105263    0.00000000000000             2
    0.13157894736842    0.44736842105263    0.00000000000000             2
    0.15789473684211    0.44736842105263    0.00000000000000             2
    0.18421052631579    0.44736842105263    0.00000000000000             2
    0.21052631578947    0.44736842105263    0.00000000000000             2
    0.23684210526316    0.44736842105263    0.00000000000000             2
    0.26315789473684    0.44736842105263    0.00000000000000             2
    0.28947368421053    0.44736842105263    0.00000000000000             2
    0.31578947368421    0.44736842105263    0.00000000000000             2
    0.34210526315789    0.44736842105263    0.00000000000000             2
    0.36842105263158    0.44736842105263    0.00000000000000             2
    0.39473684210526    0.44736842105263    0.00000000000000             2
    0.42105263157895    0.44736842105263    0.00000000000000             2
    0.44736842105263    0.44736842105263    0.00000000000000             2
    0.47368421052632    0.44736842105263    0.00000000000000             2
    0.50000000000000    0.44736842105263    0.00000000000000             2
   -0.47368421052632    0.44736842105263    0.00000000000000             2
   -0.44736842105263    0.44736842105263    0.00000000000000             2
   -0.42105263157895    0.44736842105263    0.00000000000000             2
   -0.39473684210526    0.44736842105263    0.00000000000000             2
   -0.36842105263158    0.44736842105263    0.00000000000000             2
   -0.34210526315789    0.44736842105263    0.00000000000000             2
   -0.31578947368421    0.44736842105263    0.00000000000000             2
   -0.28947368421053    0.44736842105263    0.00000000000000             2
   -0.26315789473684    0.44736842105263    0.00000000000000             2
   -0.23684210526316    0.44736842105263    0.00000000000000             2
   -0.21052631578947    0.44736842105263    0.00000000000000             2
   -0.18421052631579    0.44736842105263    0.00000000000000             2
   -0.15789473684211    0.44736842105263    0.00000000000000             2
   -0.13157894736842    0.44736842105263    0.00000000000000             2
   -0.10526315789474    0.44736842105263    0.00000000000000             2
   -0.07894736842105    0.44736842105263    0.00000000000000             2
   -0.05263157894737    0.44736842105263    0.00000000000000             2
   -0.02631578947368    0.44736842105263    0.00000000000000             2
    0.00000000000000    0.47368421052632    0.00000000000000             2
    0.02631578947368    0.47368421052632    0.00000000000000             2
    0.05263157894737    0.47368421052632    0.00000000000000             2
    0.07894736842105    0.47368421052632    0.00000000000000             2
    0.10526315789474    0.47368421052632    0.00000000000000             2
    0.13157894736842    0.47368421052632    0.00000000000000             2
    0.15789473684211    0.47368421052632    0.00000000000000             2
    0.18421052631579    0.47368421052632    0.00000000000000             2
    0.21052631578947    0.47368421052632    0.00000000000000             2
    0.23684210526316    0.47368421052632    0.00000000000000             2
    0.26315789473684    0.47368421052632    0.00000000000000             2
    0.28947368421053    0.47368421052632    0.00000000000000             2
    0.31578947368421    0.47368421052632    0.00000000000000             2
    0.34210526315789    0.47368421052632    0.00000000000000             2
    0.36842105263158    0.47368421052632    0.00000000000000             2
    0.39473684210526    0.47368421052632    0.00000000000000             2
    0.42105263157895    0.47368421052632    0.00000000000000             2
    0.44736842105263    0.47368421052632    0.00000000000000             2
    0.47368421052632    0.47368421052632    0.00000000000000             2
    0.50000000000000    0.47368421052632    0.00000000000000             2
   -0.47368421052632    0.47368421052632    0.00000000000000             2
   -0.44736842105263    0.47368421052632    0.00000000000000             2
   -0.42105263157895    0.47368421052632    0.00000000000000             2
   -0.39473684210526    0.47368421052632    0.00000000000000             2
   -0.36842105263158    0.47368421052632    0.00000000000000             2
   -0.34210526315789    0.47368421052632    0.00000000000000             2
   -0.31578947368421    0.47368421052632    0.00000000000000             2
   -0.28947368421053    0.47368421052632    0.00000000000000             2
   -0.26315789473684    0.47368421052632    0.00000000000000             2
   -0.23684210526316    0.47368421052632    0.00000000000000             2
   -0.21052631578947    0.47368421052632    0.00000000000000             2
   -0.18421052631579    0.47368421052632    0.00000000000000             2
   -0.15789473684211    0.47368421052632    0.00000000000000             2
   -0.13157894736842    0.47368421052632    0.00000000000000             2
   -0.10526315789474    0.47368421052632    0.00000000000000             2
   -0.07894736842105    0.47368421052632    0.00000000000000             2
   -0.05263157894737    0.47368421052632    0.00000000000000             2
   -0.02631578947368    0.47368421052632    0.00000000000000             2
    0.00000000000000    0.50000000000000    0.00000000000000             1
    0.02631578947368    0.50000000000000    0.00000000000000             2
    0.05263157894737    0.50000000000000    0.00000000000000             2
    0.07894736842105    0.50000000000000    0.00000000000000             2
    0.10526315789474    0.50000000000000    0.00000000000000             2
    0.13157894736842    0.50000000000000    0.00000000000000             2
    0.15789473684211    0.50000000000000    0.00000000000000             2
    0.18421052631579    0.50000000000000    0.00000000000000             2
    0.21052631578947    0.50000000000000    0.00000000000000             2
    0.23684210526316    0.50000000000000    0.00000000000000             2
    0.26315789473684    0.50000000000000    0.00000000000000             2
    0.28947368421053    0.50000000000000    0.00000000000000             2
    0.31578947368421    0.50000000000000    0.00000000000000             2
    0.34210526315789    0.50000000000000    0.00000000000000             2
    0.36842105263158    0.50000000000000    0.00000000000000             2
    0.39473684210526    0.50000000000000    0.00000000000000             2
    0.42105263157895    0.50000000000000    0.00000000000000             2
    0.44736842105263    0.50000000000000    0.00000000000000             2
    0.47368421052632    0.50000000000000    0.00000000000000             2
    0.50000000000000    0.50000000000000    0.00000000000000             1
