Automatically generated mesh
    1105
Reciprocal lattice
    0.00000000000000    0.00000000000000    0.00000000000000             1
    0.02127659574468    0.00000000000000    0.00000000000000             2
    0.00000000000000    0.02127659574468    0.00000000000000             2
   -0.02127659574468    0.02127659574468    0.00000000000000             2
    0.04255319148936    0.00000000000000    0.00000000000000             2
    0.00000000000000    0.04255319148936    0.00000000000000             2
   -0.04255319148936    0.04255319148936    0.00000000000000             2
    0.06382978723404    0.00000000000000    0.00000000000000             2
    0.00000000000000    0.06382978723404    0.00000000000000             2
   -0.06382978723404    0.06382978723404    0.00000000000000             2
    0.08510638297872    0.00000000000000    0.00000000000000             2
    0.00000000000000    0.08510638297872    0.00000000000000             2
   -0.08510638297872    0.08510638297872    0.00000000000000             2
    0.10638297872340   -0.00000000000000    0.00000000000000             2
   -0.00000000000000    0.10638297872340    0.00000000000000             2
   -0.10638297872340    0.10638297872340    0.00000000000000             2
    0.12765957446808    0.00000000000000    0.00000000000000             2
    0.00000000000000    0.12765957446808    0.00000000000000             2
   -0.12765957446808    0.12765957446808    0.00000000000000             2
    0.14893617021276    0.00000000000000    0.00000000000000             2
    0.00000000000000    0.14893617021276    0.00000000000000             2
   -0.14893617021276    0.14893617021276    0.00000000000000             2
    0.17021276595744    0.00000000000000    0.00000000000000             2
    0.00000000000000    0.17021276595744    0.00000000000000             2
   -0.17021276595744    0.17021276595744    0.00000000000000             2
    0.19148936170212    0.00000000000000    0.00000000000000             2
    0.00000000000000    0.19148936170212    0.00000000000000             2
   -0.19148936170212    0.19148936170212    0.00000000000000             2
    0.21276595744681   -0.00000000000000    0.00000000000000             2
   -0.00000000000000    0.21276595744681    0.00000000000000             2
   -0.21276595744681    0.21276595744681    0.00000000000000             2
    0.23404255319149    0.00000000000000    0.00000000000000             2
    0.00000000000000    0.23404255319149    0.00000000000000             2
   -0.23404255319149    0.23404255319149    0.00000000000000             2
    0.25531914893617    0.00000000000000    0.00000000000000             2
    0.00000000000000    0.25531914893617    0.00000000000000             2
   -0.25531914893617    0.25531914893617    0.00000000000000             2
    0.27659574468085    0.00000000000000    0.00000000000000             2
    0.00000000000000    0.27659574468085    0.00000000000000             2
   -0.27659574468085    0.27659574468085    0.00000000000000             2
    0.29787234042553   -0.00000000000000    0.00000000000000             2
   -0.00000000000000    0.29787234042553    0.00000000000000             2
   -0.29787234042553    0.29787234042553    0.00000000000000             2
    0.31914893617022    0.00000000000000    0.00000000000000             2
    0.00000000000000    0.31914893617022    0.00000000000000             2
   -0.31914893617022    0.31914893617022    0.00000000000000             2
    0.34042553191490    0.00000000000000    0.00000000000000             2
    0.00000000000000    0.34042553191490    0.00000000000000             2
   -0.34042553191490    0.34042553191490    0.00000000000000             2
    0.36170212765958    0.00000000000000    0.00000000000000             2
    0.00000000000000    0.36170212765958    0.00000000000000             2
   -0.36170212765958    0.36170212765958    0.00000000000000             2
    0.38297872340426   -0.00000000000000    0.00000000000000             2
    0.00000000000000    0.38297872340426    0.00000000000000             2
   -0.38297872340426    0.38297872340426    0.00000000000000             2
    0.40425531914894    0.00000000000000    0.00000000000000             2
    0.00000000000000    0.40425531914894    0.00000000000000             2
   -0.40425531914894    0.40425531914894    0.00000000000000             2
    0.42553191489362    0.00000000000000    0.00000000000000             2
   -0.00000000000000    0.42553191489362    0.00000000000000             2
   -0.42553191489362    0.42553191489362    0.00000000000000             2
    0.44680851063830    0.00000000000000    0.00000000000000             2
    0.00000000000000    0.44680851063830    0.00000000000000             2
   -0.44680851063830    0.44680851063830    0.00000000000000             2
    0.46808510638298    0.00000000000000    0.00000000000000             2
    0.00000000000000    0.46808510638298    0.00000000000000             2
   -0.46808510638298    0.46808510638298    0.00000000000000             2
    0.48936170212766    0.00000000000000    0.00000000000000             2
    0.00000000000000    0.48936170212766    0.00000000000000             2
   -0.48936170212766    0.48936170212766    0.00000000000000             2
    0.02127659574468    0.02127659574468    0.00000000000000             2
   -0.02127659574468    0.04255319148936    0.00000000000000             2
   -0.04255319148936    0.02127659574468    0.00000000000000             2
    0.04255319148936    0.02127659574468    0.00000000000000             2
   -0.02127659574468    0.06382978723404    0.00000000000000             2
   -0.06382978723404    0.04255319148936    0.00000000000000             2
   -0.04255319148936    0.06382978723404    0.00000000000000             2
    0.02127659574468    0.04255319148936    0.00000000000000             2
    0.06382978723404   -0.02127659574468    0.00000000000000             2
    0.06382978723404    0.02127659574468    0.00000000000000             2
   -0.02127659574468    0.08510638297872    0.00000000000000             2
   -0.08510638297872    0.06382978723404    0.00000000000000             2
   -0.06382978723404    0.08510638297872    0.00000000000000             2
    0.02127659574468    0.06382978723404    0.00000000000000             2
    0.08510638297872   -0.02127659574468    0.00000000000000             2
    0.08510638297872    0.02127659574468    0.00000000000000             2
   -0.02127659574468    0.10638297872340    0.00000000000000             2
   -0.10638297872340    0.08510638297872    0.00000000000000             2
   -0.08510638297872    0.10638297872340    0.00000000000000             2
    0.02127659574468    0.08510638297872    0.00000000000000             2
    0.10638297872340   -0.02127659574468    0.00000000000000             2
    0.10638297872340    0.02127659574468    0.00000000000000             2
   -0.02127659574468    0.12765957446808    0.00000000000000             2
   -0.12765957446808    0.10638297872340    0.00000000000000             2
   -0.10638297872340    0.12765957446808    0.00000000000000             2
    0.02127659574468    0.10638297872340    0.00000000000000             2
    0.12765957446808   -0.02127659574468    0.00000000000000             2
    0.12765957446808    0.02127659574468    0.00000000000000             2
   -0.02127659574468    0.14893617021276    0.00000000000000             2
   -0.14893617021276    0.12765957446808    0.00000000000000             2
   -0.12765957446808    0.14893617021276    0.00000000000000             2
    0.02127659574468    0.12765957446808    0.00000000000000             2
    0.14893617021276   -0.02127659574468    0.00000000000000             2
    0.14893617021276    0.02127659574468    0.00000000000000             2
   -0.02127659574468    0.17021276595744    0.00000000000000             2
   -0.17021276595744    0.14893617021276    0.00000000000000             2
   -0.14893617021276    0.17021276595744    0.00000000000000             2
    0.02127659574468    0.14893617021276    0.00000000000000             2
    0.17021276595744   -0.02127659574468    0.00000000000000             2
    0.17021276595744    0.02127659574468    0.00000000000000             2
   -0.02127659574468    0.19148936170212    0.00000000000000             2
   -0.19148936170212    0.17021276595744    0.00000000000000             2
   -0.17021276595744    0.19148936170212    0.00000000000000             2
    0.02127659574468    0.17021276595744    0.00000000000000             2
    0.19148936170212   -0.02127659574468    0.00000000000000             2
    0.19148936170212    0.02127659574468    0.00000000000000             2
   -0.02127659574468    0.21276595744681    0.00000000000000             2
   -0.21276595744681    0.19148936170212    0.00000000000000             2
   -0.19148936170212    0.21276595744681    0.00000000000000             2
    0.02127659574468    0.19148936170212    0.00000000000000             2
    0.21276595744681   -0.02127659574468    0.00000000000000             2
    0.21276595744681    0.02127659574468    0.00000000000000             2
   -0.02127659574468    0.23404255319149    0.00000000000000             2
   -0.23404255319149    0.21276595744681    0.00000000000000             2
   -0.21276595744681    0.23404255319149    0.00000000000000             2
    0.02127659574468    0.21276595744681    0.00000000000000             2
    0.23404255319149   -0.02127659574468    0.00000000000000             2
    0.23404255319149    0.02127659574468    0.00000000000000             2
   -0.02127659574468    0.25531914893617    0.00000000000000             2
   -0.25531914893617    0.23404255319149    0.00000000000000             2
   -0.23404255319149    0.25531914893617    0.00000000000000             2
    0.02127659574468    0.23404255319149    0.00000000000000             2
    0.25531914893617   -0.02127659574468    0.00000000000000             2
    0.25531914893617    0.02127659574468    0.00000000000000             2
   -0.02127659574468    0.27659574468085    0.00000000000000             2
   -0.27659574468085    0.25531914893617    0.00000000000000             2
   -0.25531914893617    0.27659574468085    0.00000000000000             2
    0.02127659574468    0.25531914893617    0.00000000000000             2
    0.27659574468085   -0.02127659574468    0.00000000000000             2
    0.27659574468085    0.02127659574468    0.00000000000000             2
   -0.02127659574468    0.29787234042553    0.00000000000000             2
   -0.29787234042553    0.27659574468085    0.00000000000000             2
   -0.27659574468085    0.29787234042553    0.00000000000000             2
    0.02127659574468    0.27659574468085    0.00000000000000             2
    0.29787234042553   -0.02127659574468    0.00000000000000             2
    0.29787234042553    0.02127659574468    0.00000000000000             2
   -0.02127659574468    0.31914893617022    0.00000000000000             2
   -0.31914893617022    0.29787234042553    0.00000000000000             2
   -0.29787234042553    0.31914893617022    0.00000000000000             2
    0.02127659574468    0.29787234042553    0.00000000000000             2
    0.31914893617022   -0.02127659574468    0.00000000000000             2
    0.31914893617022    0.02127659574468    0.00000000000000             2
   -0.02127659574468    0.34042553191490    0.00000000000000             2
   -0.34042553191490    0.31914893617022    0.00000000000000             2
   -0.31914893617022    0.34042553191490    0.00000000000000             2
    0.02127659574468    0.31914893617022    0.00000000000000             2
    0.34042553191490   -0.02127659574468    0.00000000000000             2
    0.34042553191490    0.02127659574468    0.00000000000000             2
   -0.02127659574468    0.36170212765958    0.00000000000000             2
   -0.36170212765958    0.34042553191490    0.00000000000000             2
   -0.34042553191490    0.36170212765958    0.00000000000000             2
    0.02127659574468    0.34042553191490    0.00000000000000             2
    0.36170212765958   -0.02127659574468    0.00000000000000             2
    0.36170212765958    0.02127659574468    0.00000000000000             2
   -0.02127659574468    0.38297872340426    0.00000000000000             2
   -0.38297872340426    0.36170212765958    0.00000000000000             2
   -0.36170212765958    0.38297872340426    0.00000000000000             2
    0.02127659574468    0.36170212765958    0.00000000000000             2
    0.38297872340426   -0.02127659574468    0.00000000000000             2
    0.38297872340426    0.02127659574468    0.00000000000000             2
   -0.02127659574468    0.40425531914894    0.00000000000000             2
   -0.40425531914894    0.38297872340426    0.00000000000000             2
   -0.38297872340426    0.40425531914894    0.00000000000000             2
    0.02127659574468    0.38297872340426    0.00000000000000             2
    0.40425531914894   -0.02127659574468    0.00000000000000             2
    0.40425531914894    0.02127659574468    0.00000000000000             2
   -0.02127659574468    0.42553191489362    0.00000000000000             2
   -0.42553191489362    0.40425531914894    0.00000000000000             2
   -0.40425531914894    0.42553191489362    0.00000000000000             2
    0.02127659574468    0.40425531914894    0.00000000000000             2
    0.42553191489362   -0.02127659574468    0.00000000000000             2
    0.42553191489362    0.02127659574468    0.00000000000000             2
   -0.02127659574468    0.44680851063830    0.00000000000000             2
   -0.44680851063830    0.42553191489362    0.00000000000000             2
   -0.42553191489362    0.44680851063830    0.00000000000000             2
    0.02127659574468    0.42553191489362    0.00000000000000             2
    0.44680851063830   -0.02127659574468    0.00000000000000             2
    0.44680851063830    0.02127659574468    0.00000000000000             2
   -0.02127659574468    0.46808510638298    0.00000000000000             2
   -0.46808510638298    0.44680851063830    0.00000000000000             2
   -0.44680851063830    0.46808510638298    0.00000000000000             2
    0.02127659574468    0.44680851063830    0.00000000000000             2
    0.46808510638298   -0.02127659574468    0.00000000000000             2
    0.46808510638298    0.02127659574468    0.00000000000000             2
   -0.02127659574468    0.48936170212766    0.00000000000000             2
   -0.48936170212766    0.46808510638298    0.00000000000000             2
   -0.46808510638298    0.48936170212766    0.00000000000000             2
    0.02127659574468    0.46808510638298    0.00000000000000             2
    0.48936170212766   -0.02127659574468    0.00000000000000             2
    0.48936170212766    0.02127659574468    0.00000000000000             2
   -0.02127659574468   -0.48936170212766    0.00000000000000             2
    0.48936170212766    0.48936170212766    0.00000000000000             2
    0.04255319148936    0.04255319148936    0.00000000000000             2
   -0.04255319148936    0.08510638297872    0.00000000000000             2
   -0.08510638297872    0.04255319148936    0.00000000000000             2
    0.06382978723404    0.04255319148936    0.00000000000000             2
   -0.04255319148936    0.10638297872340    0.00000000000000             2
   -0.10638297872340    0.06382978723404    0.00000000000000             2
   -0.06382978723404    0.10638297872340    0.00000000000000             2
    0.04255319148936    0.06382978723404    0.00000000000000             2
    0.10638297872340   -0.04255319148936    0.00000000000000             2
    0.08510638297872    0.04255319148936    0.00000000000000             2
   -0.04255319148936    0.12765957446808    0.00000000000000             2
   -0.12765957446808    0.08510638297872    0.00000000000000             2
   -0.08510638297872    0.12765957446808    0.00000000000000             2
    0.04255319148936    0.08510638297872    0.00000000000000             2
    0.12765957446808   -0.04255319148936    0.00000000000000             2
    0.10638297872340    0.04255319148936    0.00000000000000             2
   -0.04255319148936    0.14893617021276    0.00000000000000             2
   -0.14893617021276    0.10638297872340    0.00000000000000             2
   -0.10638297872340    0.14893617021276    0.00000000000000             2
    0.04255319148936    0.10638297872340    0.00000000000000             2
    0.14893617021276   -0.04255319148936    0.00000000000000             2
    0.12765957446808    0.04255319148936    0.00000000000000             2
   -0.04255319148936    0.17021276595744    0.00000000000000             2
   -0.17021276595744    0.12765957446808    0.00000000000000             2
   -0.12765957446808    0.17021276595744    0.00000000000000             2
    0.04255319148936    0.12765957446808    0.00000000000000             2
    0.17021276595744   -0.04255319148936    0.00000000000000             2
    0.14893617021276    0.04255319148936    0.00000000000000             2
   -0.04255319148936    0.19148936170212    0.00000000000000             2
   -0.19148936170212    0.14893617021276    0.00000000000000             2
   -0.14893617021276    0.19148936170212    0.00000000000000             2
    0.04255319148936    0.14893617021276    0.00000000000000             2
    0.19148936170212   -0.04255319148936    0.00000000000000             2
    0.17021276595744    0.04255319148936    0.00000000000000             2
   -0.04255319148936    0.21276595744681    0.00000000000000             2
   -0.21276595744681    0.17021276595744    0.00000000000000             2
   -0.17021276595744    0.21276595744681    0.00000000000000             2
    0.04255319148936    0.17021276595744    0.00000000000000             2
    0.21276595744681   -0.04255319148936    0.00000000000000             2
    0.19148936170212    0.04255319148936    0.00000000000000             2
   -0.04255319148936    0.23404255319149    0.00000000000000             2
   -0.23404255319149    0.19148936170212    0.00000000000000             2
   -0.19148936170212    0.23404255319149    0.00000000000000             2
    0.04255319148936    0.19148936170212    0.00000000000000             2
    0.23404255319149   -0.04255319148936    0.00000000000000             2
    0.21276595744681    0.04255319148936    0.00000000000000             2
   -0.04255319148936    0.25531914893617    0.00000000000000             2
   -0.25531914893617    0.21276595744681    0.00000000000000             2
   -0.21276595744681    0.25531914893617    0.00000000000000             2
    0.04255319148936    0.21276595744681    0.00000000000000             2
    0.25531914893617   -0.04255319148936    0.00000000000000             2
    0.23404255319149    0.04255319148936    0.00000000000000             2
   -0.04255319148936    0.27659574468085    0.00000000000000             2
   -0.27659574468085    0.23404255319149    0.00000000000000             2
   -0.23404255319149    0.27659574468085    0.00000000000000             2
    0.04255319148936    0.23404255319149    0.00000000000000             2
    0.27659574468085   -0.04255319148936    0.00000000000000             2
    0.25531914893617    0.04255319148936    0.00000000000000             2
   -0.04255319148936    0.29787234042553    0.00000000000000             2
   -0.29787234042553    0.25531914893617    0.00000000000000             2
   -0.25531914893617    0.29787234042553    0.00000000000000             2
    0.04255319148936    0.25531914893617    0.00000000000000             2
    0.29787234042553   -0.04255319148936    0.00000000000000             2
    0.27659574468085    0.04255319148936    0.00000000000000             2
   -0.04255319148936    0.31914893617022    0.00000000000000             2
   -0.31914893617022    0.27659574468085    0.00000000000000             2
   -0.27659574468085    0.31914893617022    0.00000000000000             2
    0.04255319148936    0.27659574468085    0.00000000000000             2
    0.31914893617022   -0.04255319148936    0.00000000000000             2
    0.29787234042553    0.04255319148936    0.00000000000000             2
   -0.04255319148936    0.34042553191490    0.00000000000000             2
   -0.34042553191490    0.29787234042553    0.00000000000000             2
   -0.29787234042553    0.34042553191490    0.00000000000000             2
    0.04255319148936    0.29787234042553    0.00000000000000             2
    0.34042553191490   -0.04255319148936    0.00000000000000             2
    0.31914893617022    0.04255319148936    0.00000000000000             2
   -0.04255319148936    0.36170212765958    0.00000000000000             2
   -0.36170212765958    0.31914893617022    0.00000000000000             2
   -0.31914893617022    0.36170212765958    0.00000000000000             2
    0.04255319148936    0.31914893617022    0.00000000000000             2
    0.36170212765958   -0.04255319148936    0.00000000000000             2
    0.34042553191490    0.04255319148936    0.00000000000000             2
   -0.04255319148936    0.38297872340426    0.00000000000000             2
   -0.38297872340426    0.34042553191490    0.00000000000000             2
   -0.34042553191490    0.38297872340426    0.00000000000000             2
    0.04255319148936    0.34042553191490    0.00000000000000             2
    0.38297872340426   -0.04255319148936    0.00000000000000             2
    0.36170212765958    0.04255319148936    0.00000000000000             2
   -0.04255319148936    0.40425531914894    0.00000000000000             2
   -0.40425531914894    0.36170212765958    0.00000000000000             2
   -0.36170212765958    0.40425531914894    0.00000000000000             2
    0.04255319148936    0.36170212765958    0.00000000000000             2
    0.40425531914894   -0.04255319148936    0.00000000000000             2
    0.38297872340426    0.04255319148936    0.00000000000000             2
   -0.04255319148936    0.42553191489362    0.00000000000000             2
   -0.42553191489362    0.38297872340426    0.00000000000000             2
   -0.38297872340426    0.42553191489362    0.00000000000000             2
    0.04255319148936    0.38297872340426    0.00000000000000             2
    0.42553191489362   -0.04255319148936    0.00000000000000             2
    0.40425531914894    0.04255319148936    0.00000000000000             2
   -0.04255319148936    0.44680851063830    0.00000000000000             2
   -0.44680851063830    0.40425531914894    0.00000000000000             2
   -0.40425531914894    0.44680851063830    0.00000000000000             2
    0.04255319148936    0.40425531914894    0.00000000000000             2
    0.44680851063830   -0.04255319148936    0.00000000000000             2
    0.42553191489362    0.04255319148936    0.00000000000000             2
   -0.04255319148936    0.46808510638298    0.00000000000000             2
   -0.46808510638298    0.42553191489362    0.00000000000000             2
   -0.42553191489362    0.46808510638298    0.00000000000000             2
    0.04255319148936    0.42553191489362    0.00000000000000             2
    0.46808510638298   -0.04255319148936    0.00000000000000             2
    0.44680851063830    0.04255319148936    0.00000000000000             2
   -0.04255319148936    0.48936170212766    0.00000000000000             2
   -0.48936170212766    0.44680851063830    0.00000000000000             2
   -0.44680851063830    0.48936170212766    0.00000000000000             2
    0.04255319148936    0.44680851063830    0.00000000000000             2
    0.48936170212766   -0.04255319148936    0.00000000000000             2
    0.46808510638298    0.04255319148936    0.00000000000000             2
   -0.04255319148936   -0.48936170212766    0.00000000000000             2
    0.48936170212766    0.46808510638298    0.00000000000000             2
   -0.46808510638298   -0.48936170212766    0.00000000000000             2
    0.04255319148936    0.46808510638298    0.00000000000000             2
   -0.48936170212766   -0.04255319148936    0.00000000000000             2
    0.06382978723404    0.06382978723404    0.00000000000000             2
   -0.06382978723404    0.12765957446808    0.00000000000000             2
   -0.12765957446808    0.06382978723404    0.00000000000000             2
    0.08510638297872    0.06382978723404    0.00000000000000             2
   -0.06382978723404    0.14893617021276    0.00000000000000             2
   -0.14893617021276    0.08510638297872    0.00000000000000             2
   -0.08510638297872    0.14893617021276    0.00000000000000             2
    0.06382978723404    0.08510638297872    0.00000000000000             2
    0.14893617021276   -0.06382978723404    0.00000000000000             2
    0.10638297872340    0.06382978723404    0.00000000000000             2
   -0.06382978723404    0.17021276595744    0.00000000000000             2
   -0.17021276595744    0.10638297872340    0.00000000000000             2
   -0.10638297872340    0.17021276595744    0.00000000000000             2
    0.06382978723404    0.10638297872340    0.00000000000000             2
    0.17021276595744   -0.06382978723404    0.00000000000000             2
    0.12765957446808    0.06382978723404    0.00000000000000             2
   -0.06382978723404    0.19148936170212    0.00000000000000             2
   -0.19148936170212    0.12765957446808    0.00000000000000             2
   -0.12765957446808    0.19148936170212    0.00000000000000             2
    0.06382978723404    0.12765957446808    0.00000000000000             2
    0.19148936170212   -0.06382978723404    0.00000000000000             2
    0.14893617021276    0.06382978723404    0.00000000000000             2
   -0.06382978723404    0.21276595744681    0.00000000000000             2
   -0.21276595744681    0.14893617021276    0.00000000000000             2
   -0.14893617021276    0.21276595744681    0.00000000000000             2
    0.06382978723404    0.14893617021276    0.00000000000000             2
    0.21276595744681   -0.06382978723404    0.00000000000000             2
    0.17021276595744    0.06382978723404    0.00000000000000             2
   -0.06382978723404    0.23404255319149    0.00000000000000             2
   -0.23404255319149    0.17021276595744    0.00000000000000             2
   -0.17021276595744    0.23404255319149    0.00000000000000             2
    0.06382978723404    0.17021276595744    0.00000000000000             2
    0.23404255319149   -0.06382978723404    0.00000000000000             2
    0.19148936170212    0.06382978723404    0.00000000000000             2
   -0.06382978723404    0.25531914893617    0.00000000000000             2
   -0.25531914893617    0.19148936170212    0.00000000000000             2
   -0.19148936170212    0.25531914893617    0.00000000000000             2
    0.06382978723404    0.19148936170212    0.00000000000000             2
    0.25531914893617   -0.06382978723404    0.00000000000000             2
    0.21276595744681    0.06382978723404    0.00000000000000             2
   -0.06382978723404    0.27659574468085    0.00000000000000             2
   -0.27659574468085    0.21276595744681    0.00000000000000             2
   -0.21276595744681    0.27659574468085    0.00000000000000             2
    0.06382978723404    0.21276595744681    0.00000000000000             2
    0.27659574468085   -0.06382978723404    0.00000000000000             2
    0.23404255319149    0.06382978723404    0.00000000000000             2
   -0.06382978723404    0.29787234042553    0.00000000000000             2
   -0.29787234042553    0.23404255319149    0.00000000000000             2
   -0.23404255319149    0.29787234042553    0.00000000000000             2
    0.06382978723404    0.23404255319149    0.00000000000000             2
    0.29787234042553   -0.06382978723404    0.00000000000000             2
    0.25531914893617    0.06382978723404    0.00000000000000             2
   -0.06382978723404    0.31914893617022    0.00000000000000             2
   -0.31914893617022    0.25531914893617    0.00000000000000             2
   -0.25531914893617    0.31914893617022    0.00000000000000             2
    0.06382978723404    0.25531914893617    0.00000000000000             2
    0.31914893617022   -0.06382978723404    0.00000000000000             2
    0.27659574468085    0.06382978723404    0.00000000000000             2
   -0.06382978723404    0.34042553191490    0.00000000000000             2
   -0.34042553191490    0.27659574468085    0.00000000000000             2
   -0.27659574468085    0.34042553191490    0.00000000000000             2
    0.06382978723404    0.27659574468085    0.00000000000000             2
    0.34042553191490   -0.06382978723404    0.00000000000000             2
    0.29787234042553    0.06382978723404    0.00000000000000             2
   -0.06382978723404    0.36170212765958    0.00000000000000             2
   -0.36170212765958    0.29787234042553    0.00000000000000             2
   -0.29787234042553    0.36170212765958    0.00000000000000             2
    0.06382978723404    0.29787234042553    0.00000000000000             2
    0.36170212765958   -0.06382978723404    0.00000000000000             2
    0.31914893617022    0.06382978723404    0.00000000000000             2
   -0.06382978723404    0.38297872340426    0.00000000000000             2
   -0.38297872340426    0.31914893617022    0.00000000000000             2
   -0.31914893617022    0.38297872340426    0.00000000000000             2
    0.06382978723404    0.31914893617022    0.00000000000000             2
    0.38297872340426   -0.06382978723404    0.00000000000000             2
    0.34042553191490    0.06382978723404    0.00000000000000             2
   -0.06382978723404    0.40425531914894    0.00000000000000             2
   -0.40425531914894    0.34042553191490    0.00000000000000             2
   -0.34042553191490    0.40425531914894    0.00000000000000             2
    0.06382978723404    0.34042553191490    0.00000000000000             2
    0.40425531914894   -0.06382978723404    0.00000000000000             2
    0.36170212765958    0.06382978723404    0.00000000000000             2
   -0.06382978723404    0.42553191489362    0.00000000000000             2
   -0.42553191489362    0.36170212765958    0.00000000000000             2
   -0.36170212765958    0.42553191489362    0.00000000000000             2
    0.06382978723404    0.36170212765958    0.00000000000000             2
    0.42553191489362   -0.06382978723404    0.00000000000000             2
    0.38297872340426    0.06382978723404    0.00000000000000             2
   -0.06382978723404    0.44680851063830    0.00000000000000             2
   -0.44680851063830    0.38297872340426    0.00000000000000             2
   -0.38297872340426    0.44680851063830    0.00000000000000             2
    0.06382978723404    0.38297872340426    0.00000000000000             2
    0.44680851063830   -0.06382978723404    0.00000000000000             2
    0.40425531914894    0.06382978723404    0.00000000000000             2
   -0.06382978723404    0.46808510638298    0.00000000000000             2
   -0.46808510638298    0.40425531914894    0.00000000000000             2
   -0.40425531914894    0.46808510638298    0.00000000000000             2
    0.06382978723404    0.40425531914894    0.00000000000000             2
    0.46808510638298   -0.06382978723404    0.00000000000000             2
    0.42553191489362    0.06382978723404    0.00000000000000             2
   -0.06382978723404    0.48936170212766    0.00000000000000             2
   -0.48936170212766    0.42553191489362    0.00000000000000             2
   -0.42553191489362    0.48936170212766    0.00000000000000             2
    0.06382978723404    0.42553191489362    0.00000000000000             2
    0.48936170212766   -0.06382978723404    0.00000000000000             2
    0.44680851063830    0.06382978723404    0.00000000000000             2
   -0.06382978723404   -0.48936170212766    0.00000000000000             2
    0.48936170212766    0.44680851063830    0.00000000000000             2
   -0.44680851063830   -0.48936170212766    0.00000000000000             2
    0.06382978723404    0.44680851063830    0.00000000000000             2
   -0.48936170212766   -0.06382978723404    0.00000000000000             2
    0.46808510638298    0.06382978723404    0.00000000000000             2
   -0.06382978723404   -0.46808510638298    0.00000000000000             2
    0.46808510638298    0.46808510638298    0.00000000000000             2
    0.08510638297872    0.08510638297872    0.00000000000000             2
   -0.08510638297872    0.17021276595744    0.00000000000000             2
   -0.17021276595744    0.08510638297872    0.00000000000000             2
    0.10638297872340    0.08510638297872    0.00000000000000             2
   -0.08510638297872    0.19148936170212    0.00000000000000             2
   -0.19148936170212    0.10638297872340    0.00000000000000             2
   -0.10638297872340    0.19148936170212    0.00000000000000             2
    0.08510638297872    0.10638297872340    0.00000000000000             2
    0.19148936170212   -0.08510638297872    0.00000000000000             2
    0.12765957446808    0.08510638297872    0.00000000000000             2
   -0.08510638297872    0.21276595744681    0.00000000000000             2
   -0.21276595744681    0.12765957446808    0.00000000000000             2
   -0.12765957446808    0.21276595744681    0.00000000000000             2
    0.08510638297872    0.12765957446808    0.00000000000000             2
    0.21276595744681   -0.08510638297872    0.00000000000000             2
    0.14893617021276    0.08510638297872    0.00000000000000             2
   -0.08510638297872    0.23404255319149    0.00000000000000             2
   -0.23404255319149    0.14893617021276    0.00000000000000             2
   -0.14893617021276    0.23404255319149    0.00000000000000             2
    0.08510638297872    0.14893617021276    0.00000000000000             2
    0.23404255319149   -0.08510638297872    0.00000000000000             2
    0.17021276595744    0.08510638297872    0.00000000000000             2
   -0.08510638297872    0.25531914893617    0.00000000000000             2
   -0.25531914893617    0.17021276595744    0.00000000000000             2
   -0.17021276595744    0.25531914893617    0.00000000000000             2
    0.08510638297872    0.17021276595744    0.00000000000000             2
    0.25531914893617   -0.08510638297872    0.00000000000000             2
    0.19148936170212    0.08510638297872    0.00000000000000             2
   -0.08510638297872    0.27659574468085    0.00000000000000             2
   -0.27659574468085    0.19148936170212    0.00000000000000             2
   -0.19148936170212    0.27659574468085    0.00000000000000             2
    0.08510638297872    0.19148936170212    0.00000000000000             2
    0.27659574468085   -0.08510638297872    0.00000000000000             2
    0.21276595744681    0.08510638297872    0.00000000000000             2
   -0.08510638297872    0.29787234042553    0.00000000000000             2
   -0.29787234042553    0.21276595744681    0.00000000000000             2
   -0.21276595744681    0.29787234042553    0.00000000000000             2
    0.08510638297872    0.21276595744681    0.00000000000000             2
    0.29787234042553   -0.08510638297872    0.00000000000000             2
    0.23404255319149    0.08510638297872    0.00000000000000             2
   -0.08510638297872    0.31914893617021    0.00000000000000             2
   -0.31914893617021    0.23404255319149    0.00000000000000             2
   -0.23404255319149    0.31914893617021    0.00000000000000             2
    0.08510638297872    0.23404255319149    0.00000000000000             2
    0.31914893617021   -0.08510638297872    0.00000000000000             2
    0.25531914893617    0.08510638297872    0.00000000000000             2
   -0.08510638297872    0.34042553191490    0.00000000000000             2
   -0.34042553191490    0.25531914893617    0.00000000000000             2
   -0.25531914893617    0.34042553191490    0.00000000000000             2
    0.08510638297872    0.25531914893617    0.00000000000000             2
    0.34042553191490   -0.08510638297872    0.00000000000000             2
    0.27659574468085    0.08510638297872    0.00000000000000             2
   -0.08510638297872    0.36170212765958    0.00000000000000             2
   -0.36170212765958    0.27659574468085    0.00000000000000             2
   -0.27659574468085    0.36170212765958    0.00000000000000             2
    0.08510638297872    0.27659574468085    0.00000000000000             2
    0.36170212765958   -0.08510638297872    0.00000000000000             2
    0.29787234042553    0.08510638297872    0.00000000000000             2
   -0.08510638297872    0.38297872340426    0.00000000000000             2
   -0.38297872340426    0.29787234042553    0.00000000000000             2
   -0.29787234042553    0.38297872340426    0.00000000000000             2
    0.08510638297872    0.29787234042553    0.00000000000000             2
    0.38297872340426   -0.08510638297872    0.00000000000000             2
    0.31914893617022    0.08510638297872    0.00000000000000             2
   -0.08510638297872    0.40425531914894    0.00000000000000             2
   -0.40425531914894    0.31914893617022    0.00000000000000             2
   -0.31914893617022    0.40425531914894    0.00000000000000             2
    0.08510638297872    0.31914893617022    0.00000000000000             2
    0.40425531914894   -0.08510638297872    0.00000000000000             2
    0.34042553191490    0.08510638297872    0.00000000000000             2
   -0.08510638297872    0.42553191489362    0.00000000000000             2
   -0.42553191489362    0.34042553191490    0.00000000000000             2
   -0.34042553191490    0.42553191489362    0.00000000000000             2
    0.08510638297872    0.34042553191490    0.00000000000000             2
    0.42553191489362   -0.08510638297872    0.00000000000000             2
    0.36170212765958    0.08510638297872    0.00000000000000             2
   -0.08510638297872    0.44680851063830    0.00000000000000             2
   -0.44680851063830    0.36170212765958    0.00000000000000             2
   -0.36170212765958    0.44680851063830    0.00000000000000             2
    0.08510638297872    0.36170212765958    0.00000000000000             2
    0.44680851063830   -0.08510638297872    0.00000000000000             2
    0.38297872340426    0.08510638297872    0.00000000000000             2
   -0.08510638297872    0.46808510638298    0.00000000000000             2
   -0.46808510638298    0.38297872340426    0.00000000000000             2
   -0.38297872340426    0.46808510638298    0.00000000000000             2
    0.08510638297872    0.38297872340426    0.00000000000000             2
    0.46808510638298   -0.08510638297872    0.00000000000000             2
    0.40425531914894    0.08510638297872    0.00000000000000             2
   -0.08510638297872    0.48936170212766    0.00000000000000             2
   -0.48936170212766    0.40425531914894    0.00000000000000             2
   -0.40425531914894    0.48936170212766    0.00000000000000             2
    0.08510638297872    0.40425531914894    0.00000000000000             2
    0.48936170212766   -0.08510638297872    0.00000000000000             2
    0.42553191489362    0.08510638297872    0.00000000000000             2
   -0.08510638297872   -0.48936170212766    0.00000000000000             2
    0.48936170212766    0.42553191489362    0.00000000000000             2
   -0.42553191489362   -0.48936170212766    0.00000000000000             2
    0.08510638297872    0.42553191489362    0.00000000000000             2
   -0.48936170212766   -0.08510638297872    0.00000000000000             2
    0.44680851063830    0.08510638297872    0.00000000000000             2
   -0.08510638297872   -0.46808510638298    0.00000000000000             2
    0.46808510638298    0.44680851063830    0.00000000000000             2
   -0.44680851063830   -0.46808510638298    0.00000000000000             2
    0.08510638297872    0.44680851063830    0.00000000000000             2
   -0.46808510638298   -0.08510638297872    0.00000000000000             2
    0.10638297872340    0.10638297872340    0.00000000000000             2
   -0.10638297872340    0.21276595744681    0.00000000000000             2
   -0.21276595744681    0.10638297872340    0.00000000000000             2
    0.12765957446808    0.10638297872340    0.00000000000000             2
   -0.10638297872340    0.23404255319149    0.00000000000000             2
   -0.23404255319149    0.12765957446808    0.00000000000000             2
   -0.12765957446808    0.23404255319149    0.00000000000000             2
    0.10638297872340    0.12765957446808    0.00000000000000             2
    0.23404255319149   -0.10638297872340    0.00000000000000             2
    0.14893617021276    0.10638297872340    0.00000000000000             2
   -0.10638297872340    0.25531914893617    0.00000000000000             2
   -0.25531914893617    0.14893617021276    0.00000000000000             2
   -0.14893617021276    0.25531914893617    0.00000000000000             2
    0.10638297872340    0.14893617021276    0.00000000000000             2
    0.25531914893617   -0.10638297872340    0.00000000000000             2
    0.17021276595744    0.10638297872340    0.00000000000000             2
   -0.10638297872340    0.27659574468085    0.00000000000000             2
   -0.27659574468085    0.17021276595744    0.00000000000000             2
   -0.17021276595744    0.27659574468085    0.00000000000000             2
    0.10638297872340    0.17021276595744    0.00000000000000             2
    0.27659574468085   -0.10638297872340    0.00000000000000             2
    0.19148936170212    0.10638297872340    0.00000000000000             2
   -0.10638297872340    0.29787234042553    0.00000000000000             2
   -0.29787234042553    0.19148936170212    0.00000000000000             2
   -0.19148936170212    0.29787234042553    0.00000000000000             2
    0.10638297872340    0.19148936170212    0.00000000000000             2
    0.29787234042553   -0.10638297872340    0.00000000000000             2
    0.21276595744681    0.10638297872340    0.00000000000000             2
   -0.10638297872340    0.31914893617021    0.00000000000000             2
   -0.31914893617021    0.21276595744681    0.00000000000000             2
   -0.21276595744681    0.31914893617021    0.00000000000000             2
    0.10638297872340    0.21276595744681    0.00000000000000             2
    0.31914893617021   -0.10638297872340    0.00000000000000             2
    0.23404255319149    0.10638297872340    0.00000000000000             2
   -0.10638297872340    0.34042553191489    0.00000000000000             2
   -0.34042553191489    0.23404255319149    0.00000000000000             2
   -0.23404255319149    0.34042553191489    0.00000000000000             2
    0.10638297872340    0.23404255319149    0.00000000000000             2
    0.34042553191489   -0.10638297872340    0.00000000000000             2
    0.25531914893617    0.10638297872340    0.00000000000000             2
   -0.10638297872340    0.36170212765958    0.00000000000000             2
   -0.36170212765958    0.25531914893617    0.00000000000000             2
   -0.25531914893617    0.36170212765958    0.00000000000000             2
    0.10638297872340    0.25531914893617    0.00000000000000             2
    0.36170212765958   -0.10638297872340    0.00000000000000             2
    0.27659574468085    0.10638297872340    0.00000000000000             2
   -0.10638297872340    0.38297872340426    0.00000000000000             2
   -0.38297872340426    0.27659574468085    0.00000000000000             2
   -0.27659574468085    0.38297872340426    0.00000000000000             2
    0.10638297872340    0.27659574468085    0.00000000000000             2
    0.38297872340426   -0.10638297872340    0.00000000000000             2
    0.29787234042553    0.10638297872340    0.00000000000000             2
   -0.10638297872340    0.40425531914894    0.00000000000000             2
   -0.40425531914894    0.29787234042553    0.00000000000000             2
   -0.29787234042553    0.40425531914894    0.00000000000000             2
    0.10638297872340    0.29787234042553    0.00000000000000             2
    0.40425531914894   -0.10638297872340    0.00000000000000             2
    0.31914893617022    0.10638297872340    0.00000000000000             2
   -0.10638297872340    0.42553191489362    0.00000000000000             2
   -0.42553191489362    0.31914893617022    0.00000000000000             2
   -0.31914893617022    0.42553191489362    0.00000000000000             2
    0.10638297872340    0.31914893617022    0.00000000000000             2
    0.42553191489362   -0.10638297872340    0.00000000000000             2
    0.34042553191490    0.10638297872340    0.00000000000000             2
   -0.10638297872340    0.44680851063830    0.00000000000000             2
   -0.44680851063830    0.34042553191490    0.00000000000000             2
   -0.34042553191490    0.44680851063830    0.00000000000000             2
    0.10638297872340    0.34042553191490    0.00000000000000             2
    0.44680851063830   -0.10638297872340    0.00000000000000             2
    0.36170212765958    0.10638297872340    0.00000000000000             2
   -0.10638297872340    0.46808510638298    0.00000000000000             2
   -0.46808510638298    0.36170212765958    0.00000000000000             2
   -0.36170212765958    0.46808510638298    0.00000000000000             2
    0.10638297872340    0.36170212765958    0.00000000000000             2
    0.46808510638298   -0.10638297872340    0.00000000000000             2
    0.38297872340426    0.10638297872340    0.00000000000000             2
   -0.10638297872340    0.48936170212766    0.00000000000000             2
   -0.48936170212766    0.38297872340426    0.00000000000000             2
   -0.38297872340426    0.48936170212766    0.00000000000000             2
    0.10638297872340    0.38297872340426    0.00000000000000             2
    0.48936170212766   -0.10638297872340    0.00000000000000             2
    0.40425531914894    0.10638297872340    0.00000000000000             2
   -0.10638297872340   -0.48936170212766    0.00000000000000             2
    0.48936170212766    0.40425531914894    0.00000000000000             2
   -0.40425531914894   -0.48936170212766    0.00000000000000             2
    0.10638297872340    0.40425531914894    0.00000000000000             2
   -0.48936170212766   -0.10638297872340    0.00000000000000             2
    0.42553191489362    0.10638297872340    0.00000000000000             2
   -0.10638297872340   -0.46808510638298    0.00000000000000             2
    0.46808510638298    0.42553191489362    0.00000000000000             2
   -0.42553191489362   -0.46808510638298    0.00000000000000             2
    0.10638297872340    0.42553191489362    0.00000000000000             2
   -0.46808510638298   -0.10638297872340    0.00000000000000             2
    0.44680851063830    0.10638297872340    0.00000000000000             2
   -0.10638297872340   -0.44680851063830    0.00000000000000             2
    0.44680851063830    0.44680851063830    0.00000000000000             2
    0.12765957446808    0.12765957446808    0.00000000000000             2
   -0.12765957446808    0.25531914893617    0.00000000000000             2
   -0.25531914893617    0.12765957446808    0.00000000000000             2
    0.14893617021276    0.12765957446808    0.00000000000000             2
   -0.12765957446808    0.27659574468085    0.00000000000000             2
   -0.27659574468085    0.14893617021276    0.00000000000000             2
   -0.14893617021276    0.27659574468085    0.00000000000000             2
    0.12765957446808    0.14893617021276    0.00000000000000             2
    0.27659574468085   -0.12765957446808    0.00000000000000             2
    0.17021276595744    0.12765957446808    0.00000000000000             2
   -0.12765957446808    0.29787234042553    0.00000000000000             2
   -0.29787234042553    0.17021276595744    0.00000000000000             2
   -0.17021276595744    0.29787234042553    0.00000000000000             2
    0.12765957446808    0.17021276595744    0.00000000000000             2
    0.29787234042553   -0.12765957446808    0.00000000000000             2
    0.19148936170212    0.12765957446808    0.00000000000000             2
   -0.12765957446808    0.31914893617021    0.00000000000000             2
   -0.31914893617021    0.19148936170212    0.00000000000000             2
   -0.19148936170212    0.31914893617021    0.00000000000000             2
    0.12765957446808    0.19148936170212    0.00000000000000             2
    0.31914893617021   -0.12765957446808    0.00000000000000             2
    0.21276595744681    0.12765957446808    0.00000000000000             2
   -0.12765957446808    0.34042553191489    0.00000000000000             2
   -0.34042553191489    0.21276595744681    0.00000000000000             2
   -0.21276595744681    0.34042553191489    0.00000000000000             2
    0.12765957446808    0.21276595744681    0.00000000000000             2
    0.34042553191489   -0.12765957446808    0.00000000000000             2
    0.23404255319149    0.12765957446808    0.00000000000000             2
   -0.12765957446808    0.36170212765957    0.00000000000000             2
   -0.36170212765957    0.23404255319149    0.00000000000000             2
   -0.23404255319149    0.36170212765957    0.00000000000000             2
    0.12765957446808    0.23404255319149    0.00000000000000             2
    0.36170212765957   -0.12765957446808    0.00000000000000             2
    0.25531914893617    0.12765957446808    0.00000000000000             2
   -0.12765957446808    0.38297872340426    0.00000000000000             2
   -0.38297872340426    0.25531914893617    0.00000000000000             2
   -0.25531914893617    0.38297872340426    0.00000000000000             2
    0.12765957446808    0.25531914893617    0.00000000000000             2
    0.38297872340426   -0.12765957446808    0.00000000000000             2
    0.27659574468085    0.12765957446808    0.00000000000000             2
   -0.12765957446808    0.40425531914894    0.00000000000000             2
   -0.40425531914894    0.27659574468085    0.00000000000000             2
   -0.27659574468085    0.40425531914894    0.00000000000000             2
    0.12765957446808    0.27659574468085    0.00000000000000             2
    0.40425531914894   -0.12765957446808    0.00000000000000             2
    0.29787234042553    0.12765957446808    0.00000000000000             2
   -0.12765957446808    0.42553191489362    0.00000000000000             2
   -0.42553191489362    0.29787234042553    0.00000000000000             2
   -0.29787234042553    0.42553191489362    0.00000000000000             2
    0.12765957446808    0.29787234042553    0.00000000000000             2
    0.42553191489362   -0.12765957446808    0.00000000000000             2
    0.31914893617022    0.12765957446808    0.00000000000000             2
   -0.12765957446808    0.44680851063830    0.00000000000000             2
   -0.44680851063830    0.31914893617022    0.00000000000000             2
   -0.31914893617022    0.44680851063830    0.00000000000000             2
    0.12765957446808    0.31914893617022    0.00000000000000             2
    0.44680851063830   -0.12765957446808    0.00000000000000             2
    0.34042553191490    0.12765957446808    0.00000000000000             2
   -0.12765957446808    0.46808510638298    0.00000000000000             2
   -0.46808510638298    0.34042553191490    0.00000000000000             2
   -0.34042553191490    0.46808510638298    0.00000000000000             2
    0.12765957446808    0.34042553191490    0.00000000000000             2
    0.46808510638298   -0.12765957446808    0.00000000000000             2
    0.36170212765958    0.12765957446808    0.00000000000000             2
   -0.12765957446808    0.48936170212766    0.00000000000000             2
   -0.48936170212766    0.36170212765958    0.00000000000000             2
   -0.36170212765958    0.48936170212766    0.00000000000000             2
    0.12765957446808    0.36170212765958    0.00000000000000             2
    0.48936170212766   -0.12765957446808    0.00000000000000             2
    0.38297872340426    0.12765957446808    0.00000000000000             2
   -0.12765957446808   -0.48936170212766    0.00000000000000             2
    0.48936170212766    0.38297872340426    0.00000000000000             2
   -0.38297872340426   -0.48936170212766    0.00000000000000             2
    0.12765957446808    0.38297872340426    0.00000000000000             2
   -0.48936170212766   -0.12765957446808    0.00000000000000             2
    0.40425531914894    0.12765957446808    0.00000000000000             2
   -0.12765957446808   -0.46808510638298    0.00000000000000             2
    0.46808510638298    0.40425531914894    0.00000000000000             2
   -0.40425531914894   -0.46808510638298    0.00000000000000             2
    0.12765957446808    0.40425531914894    0.00000000000000             2
   -0.46808510638298   -0.12765957446808    0.00000000000000             2
    0.42553191489362    0.12765957446808    0.00000000000000             2
   -0.12765957446808   -0.44680851063830    0.00000000000000             2
    0.44680851063830    0.42553191489362    0.00000000000000             2
   -0.42553191489362   -0.44680851063830    0.00000000000000             2
    0.12765957446808    0.42553191489362    0.00000000000000             2
   -0.44680851063830   -0.12765957446808    0.00000000000000             2
    0.14893617021276    0.14893617021276    0.00000000000000             2
   -0.14893617021276    0.29787234042553    0.00000000000000             2
   -0.29787234042553    0.14893617021276    0.00000000000000             2
    0.17021276595744    0.14893617021276    0.00000000000000             2
   -0.14893617021276    0.31914893617021    0.00000000000000             2
   -0.31914893617021    0.17021276595744    0.00000000000000             2
   -0.17021276595744    0.31914893617021    0.00000000000000             2
    0.14893617021276    0.17021276595744    0.00000000000000             2
    0.31914893617021   -0.14893617021276    0.00000000000000             2
    0.19148936170212    0.14893617021276    0.00000000000000             2
   -0.14893617021276    0.34042553191489    0.00000000000000             2
   -0.34042553191489    0.19148936170212    0.00000000000000             2
   -0.19148936170212    0.34042553191489    0.00000000000000             2
    0.14893617021276    0.19148936170212    0.00000000000000             2
    0.34042553191489   -0.14893617021276    0.00000000000000             2
    0.21276595744681    0.14893617021276    0.00000000000000             2
   -0.14893617021276    0.36170212765957    0.00000000000000             2
   -0.36170212765957    0.21276595744681    0.00000000000000             2
   -0.21276595744681    0.36170212765957    0.00000000000000             2
    0.14893617021276    0.21276595744681    0.00000000000000             2
    0.36170212765957   -0.14893617021276    0.00000000000000             2
    0.23404255319149    0.14893617021276    0.00000000000000             2
   -0.14893617021276    0.38297872340425    0.00000000000000             2
   -0.38297872340425    0.23404255319149    0.00000000000000             2
   -0.23404255319149    0.38297872340425    0.00000000000000             2
    0.14893617021276    0.23404255319149    0.00000000000000             2
    0.38297872340425   -0.14893617021276    0.00000000000000             2
    0.25531914893617    0.14893617021276    0.00000000000000             2
   -0.14893617021276    0.40425531914894    0.00000000000000             2
   -0.40425531914894    0.25531914893617    0.00000000000000             2
   -0.25531914893617    0.40425531914894    0.00000000000000             2
    0.14893617021276    0.25531914893617    0.00000000000000             2
    0.40425531914894   -0.14893617021276    0.00000000000000             2
    0.27659574468085    0.14893617021276    0.00000000000000             2
   -0.14893617021276    0.42553191489362    0.00000000000000             2
   -0.42553191489362    0.27659574468085    0.00000000000000             2
   -0.27659574468085    0.42553191489362    0.00000000000000             2
    0.14893617021276    0.27659574468085    0.00000000000000             2
    0.42553191489362   -0.14893617021276    0.00000000000000             2
    0.29787234042553    0.14893617021276    0.00000000000000             2
   -0.14893617021276    0.44680851063830    0.00000000000000             2
   -0.44680851063830    0.29787234042553    0.00000000000000             2
   -0.29787234042553    0.44680851063830    0.00000000000000             2
    0.14893617021276    0.29787234042553    0.00000000000000             2
    0.44680851063830   -0.14893617021276    0.00000000000000             2
    0.31914893617022    0.14893617021276    0.00000000000000             2
   -0.14893617021276    0.46808510638298    0.00000000000000             2
   -0.46808510638298    0.31914893617022    0.00000000000000             2
   -0.31914893617022    0.46808510638298    0.00000000000000             2
    0.14893617021276    0.31914893617022    0.00000000000000             2
    0.46808510638298   -0.14893617021276    0.00000000000000             2
    0.34042553191490    0.14893617021276    0.00000000000000             2
   -0.14893617021276    0.48936170212766    0.00000000000000             2
   -0.48936170212766    0.34042553191490    0.00000000000000             2
   -0.34042553191490    0.48936170212766    0.00000000000000             2
    0.14893617021276    0.34042553191490    0.00000000000000             2
    0.48936170212766   -0.14893617021276    0.00000000000000             2
    0.36170212765958    0.14893617021276    0.00000000000000             2
   -0.14893617021276   -0.48936170212766    0.00000000000000             2
    0.48936170212766    0.36170212765958    0.00000000000000             2
   -0.36170212765958   -0.48936170212766    0.00000000000000             2
    0.14893617021276    0.36170212765958    0.00000000000000             2
   -0.48936170212766   -0.14893617021276    0.00000000000000             2
    0.38297872340426    0.14893617021276    0.00000000000000             2
   -0.14893617021276   -0.46808510638298    0.00000000000000             2
    0.46808510638298    0.38297872340426    0.00000000000000             2
   -0.38297872340426   -0.46808510638298    0.00000000000000             2
    0.14893617021276    0.38297872340426    0.00000000000000             2
   -0.46808510638298   -0.14893617021276    0.00000000000000             2
    0.40425531914894    0.14893617021276    0.00000000000000             2
   -0.14893617021276   -0.44680851063830    0.00000000000000             2
    0.44680851063830    0.40425531914894    0.00000000000000             2
   -0.40425531914894   -0.44680851063830    0.00000000000000             2
    0.14893617021276    0.40425531914894    0.00000000000000             2
   -0.44680851063830   -0.14893617021276    0.00000000000000             2
    0.42553191489362    0.14893617021276    0.00000000000000             2
   -0.14893617021276   -0.42553191489362    0.00000000000000             2
    0.42553191489362    0.42553191489362    0.00000000000000             2
    0.17021276595744    0.17021276595744    0.00000000000000             2
   -0.17021276595744    0.34042553191489    0.00000000000000             2
   -0.34042553191489    0.17021276595744    0.00000000000000             2
    0.19148936170212    0.17021276595744    0.00000000000000             2
   -0.17021276595744    0.36170212765957    0.00000000000000             2
   -0.36170212765957    0.19148936170212    0.00000000000000             2
   -0.19148936170212    0.36170212765957    0.00000000000000             2
    0.17021276595744    0.19148936170212    0.00000000000000             2
    0.36170212765957   -0.17021276595744    0.00000000000000             2
    0.21276595744681    0.17021276595744    0.00000000000000             2
   -0.17021276595744    0.38297872340425    0.00000000000000             2
   -0.38297872340425    0.21276595744681    0.00000000000000             2
   -0.21276595744681    0.38297872340425    0.00000000000000             2
    0.17021276595744    0.21276595744681    0.00000000000000             2
    0.38297872340425   -0.17021276595744    0.00000000000000             2
    0.23404255319149    0.17021276595744    0.00000000000000             2
   -0.17021276595744    0.40425531914893    0.00000000000000             2
   -0.40425531914893    0.23404255319149    0.00000000000000             2
   -0.23404255319149    0.40425531914893    0.00000000000000             2
    0.17021276595744    0.23404255319149    0.00000000000000             2
    0.40425531914893   -0.17021276595744    0.00000000000000             2
    0.25531914893617    0.17021276595744    0.00000000000000             2
   -0.17021276595744    0.42553191489362    0.00000000000000             2
   -0.42553191489362    0.25531914893617    0.00000000000000             2
   -0.25531914893617    0.42553191489362    0.00000000000000             2
    0.17021276595744    0.25531914893617    0.00000000000000             2
    0.42553191489362   -0.17021276595744    0.00000000000000             2
    0.27659574468085    0.17021276595744    0.00000000000000             2
   -0.17021276595744    0.44680851063830    0.00000000000000             2
   -0.44680851063830    0.27659574468085    0.00000000000000             2
   -0.27659574468085    0.44680851063830    0.00000000000000             2
    0.17021276595744    0.27659574468085    0.00000000000000             2
    0.44680851063830   -0.17021276595744    0.00000000000000             2
    0.29787234042553    0.17021276595744    0.00000000000000             2
   -0.17021276595744    0.46808510638298    0.00000000000000             2
   -0.46808510638298    0.29787234042553    0.00000000000000             2
   -0.29787234042553    0.46808510638298    0.00000000000000             2
    0.17021276595744    0.29787234042553    0.00000000000000             2
    0.46808510638298   -0.17021276595744    0.00000000000000             2
    0.31914893617022    0.17021276595744    0.00000000000000             2
   -0.17021276595744    0.48936170212766    0.00000000000000             2
   -0.48936170212766    0.31914893617022    0.00000000000000             2
   -0.31914893617022    0.48936170212766    0.00000000000000             2
    0.17021276595744    0.31914893617022    0.00000000000000             2
    0.48936170212766   -0.17021276595744    0.00000000000000             2
    0.34042553191490    0.17021276595744    0.00000000000000             2
   -0.17021276595744   -0.48936170212766    0.00000000000000             2
    0.48936170212766    0.34042553191490    0.00000000000000             2
   -0.34042553191490   -0.48936170212766    0.00000000000000             2
    0.17021276595744    0.34042553191490    0.00000000000000             2
   -0.48936170212766   -0.17021276595744    0.00000000000000             2
    0.36170212765958    0.17021276595744    0.00000000000000             2
   -0.17021276595744   -0.46808510638298    0.00000000000000             2
    0.46808510638298    0.36170212765958    0.00000000000000             2
   -0.36170212765958   -0.46808510638298    0.00000000000000             2
    0.17021276595744    0.36170212765958    0.00000000000000             2
   -0.46808510638298   -0.17021276595744    0.00000000000000             2
    0.38297872340426    0.17021276595744    0.00000000000000             2
   -0.17021276595744   -0.44680851063830    0.00000000000000             2
    0.44680851063830    0.38297872340426    0.00000000000000             2
   -0.38297872340426   -0.44680851063830    0.00000000000000             2
    0.17021276595744    0.38297872340426    0.00000000000000             2
   -0.44680851063830   -0.17021276595744    0.00000000000000             2
    0.40425531914894    0.17021276595744    0.00000000000000             2
   -0.17021276595744   -0.42553191489362    0.00000000000000             2
    0.42553191489362    0.40425531914894    0.00000000000000             2
   -0.40425531914894   -0.42553191489362    0.00000000000000             2
    0.17021276595744    0.40425531914894    0.00000000000000             2
   -0.42553191489362   -0.17021276595744    0.00000000000000             2
    0.19148936170212    0.19148936170212    0.00000000000000             2
   -0.19148936170212    0.38297872340425    0.00000000000000             2
   -0.38297872340425    0.19148936170212    0.00000000000000             2
    0.21276595744681    0.19148936170212    0.00000000000000             2
   -0.19148936170212    0.40425531914893    0.00000000000000             2
   -0.40425531914893    0.21276595744681    0.00000000000000             2
   -0.21276595744681    0.40425531914893    0.00000000000000             2
    0.19148936170212    0.21276595744681    0.00000000000000             2
    0.40425531914893   -0.19148936170212    0.00000000000000             2
    0.23404255319149    0.19148936170212    0.00000000000000             2
   -0.19148936170212    0.42553191489361    0.00000000000000             2
   -0.42553191489361    0.23404255319149    0.00000000000000             2
   -0.23404255319149    0.42553191489361    0.00000000000000             2
    0.19148936170213    0.23404255319149    0.00000000000000             2
    0.42553191489361   -0.19148936170212    0.00000000000000             2
    0.25531914893617    0.19148936170212    0.00000000000000             2
   -0.19148936170212    0.44680851063830    0.00000000000000             2
   -0.44680851063830    0.25531914893617    0.00000000000000             2
   -0.25531914893617    0.44680851063830    0.00000000000000             2
    0.19148936170212    0.25531914893617    0.00000000000000             2
    0.44680851063830   -0.19148936170212    0.00000000000000             2
    0.27659574468085    0.19148936170212    0.00000000000000             2
   -0.19148936170212    0.46808510638298    0.00000000000000             2
   -0.46808510638298    0.27659574468085    0.00000000000000             2
   -0.27659574468085    0.46808510638298    0.00000000000000             2
    0.19148936170212    0.27659574468085    0.00000000000000             2
    0.46808510638298   -0.19148936170212    0.00000000000000             2
    0.29787234042553    0.19148936170212    0.00000000000000             2
   -0.19148936170212    0.48936170212766    0.00000000000000             2
   -0.48936170212766    0.29787234042553    0.00000000000000             2
   -0.29787234042553    0.48936170212766    0.00000000000000             2
    0.19148936170212    0.29787234042553    0.00000000000000             2
    0.48936170212766   -0.19148936170212    0.00000000000000             2
    0.31914893617022    0.19148936170212    0.00000000000000             2
   -0.19148936170212   -0.48936170212766    0.00000000000000             2
    0.48936170212766    0.31914893617022    0.00000000000000             2
   -0.31914893617022   -0.48936170212766    0.00000000000000             2
    0.19148936170213    0.31914893617022    0.00000000000000             2
   -0.48936170212766   -0.19148936170212    0.00000000000000             2
    0.34042553191490    0.19148936170213    0.00000000000000             2
   -0.19148936170213   -0.46808510638298    0.00000000000000             2
    0.46808510638298    0.34042553191490    0.00000000000000             2
   -0.34042553191490   -0.46808510638298    0.00000000000000             2
    0.19148936170212    0.34042553191490    0.00000000000000             2
   -0.46808510638298   -0.19148936170212    0.00000000000000             2
    0.36170212765958    0.19148936170212    0.00000000000000             2
   -0.19148936170212   -0.44680851063830    0.00000000000000             2
    0.44680851063830    0.36170212765958    0.00000000000000             2
   -0.36170212765958   -0.44680851063830    0.00000000000000             2
    0.19148936170212    0.36170212765958    0.00000000000000             2
   -0.44680851063830   -0.19148936170212    0.00000000000000             2
    0.38297872340426    0.19148936170212    0.00000000000000             2
   -0.19148936170212   -0.42553191489362    0.00000000000000             2
    0.42553191489362    0.38297872340426    0.00000000000000             2
   -0.38297872340426   -0.42553191489362    0.00000000000000             2
    0.19148936170212    0.38297872340426    0.00000000000000             2
   -0.42553191489362   -0.19148936170213    0.00000000000000             2
    0.40425531914894    0.19148936170212    0.00000000000000             2
   -0.19148936170212   -0.40425531914894    0.00000000000000             2
    0.40425531914894    0.40425531914894    0.00000000000000             2
    0.21276595744681    0.21276595744681    0.00000000000000             2
   -0.21276595744681    0.42553191489361    0.00000000000000             2
   -0.42553191489361    0.21276595744681    0.00000000000000             2
    0.23404255319149    0.21276595744681    0.00000000000000             2
   -0.21276595744681    0.44680851063829    0.00000000000000             2
   -0.44680851063829    0.23404255319149    0.00000000000000             2
   -0.23404255319149    0.44680851063829    0.00000000000000             2
    0.21276595744681    0.23404255319149    0.00000000000000             2
    0.44680851063829   -0.21276595744681    0.00000000000000             2
    0.25531914893617    0.21276595744681    0.00000000000000             2
   -0.21276595744681    0.46808510638298    0.00000000000000             2
   -0.46808510638298    0.25531914893617    0.00000000000000             2
   -0.25531914893617    0.46808510638298    0.00000000000000             2
    0.21276595744681    0.25531914893617    0.00000000000000             2
    0.46808510638298   -0.21276595744681    0.00000000000000             2
    0.27659574468085    0.21276595744681    0.00000000000000             2
   -0.21276595744681    0.48936170212766    0.00000000000000             2
   -0.48936170212766    0.27659574468085    0.00000000000000             2
   -0.27659574468085    0.48936170212766    0.00000000000000             2
    0.21276595744681    0.27659574468085    0.00000000000000             2
    0.48936170212766   -0.21276595744681    0.00000000000000             2
    0.29787234042553    0.21276595744681    0.00000000000000             2
   -0.21276595744681   -0.48936170212766    0.00000000000000             2
    0.48936170212766    0.29787234042553    0.00000000000000             2
   -0.29787234042553   -0.48936170212766    0.00000000000000             2
    0.21276595744681    0.29787234042553    0.00000000000000             2
   -0.48936170212766   -0.21276595744681    0.00000000000000             2
    0.31914893617022    0.21276595744681    0.00000000000000             2
   -0.21276595744681   -0.46808510638298    0.00000000000000             2
    0.46808510638298    0.31914893617022    0.00000000000000             2
   -0.31914893617022   -0.46808510638298    0.00000000000000             2
    0.21276595744681    0.31914893617022    0.00000000000000             2
   -0.46808510638298   -0.21276595744681    0.00000000000000             2
    0.34042553191490    0.21276595744681    0.00000000000000             2
   -0.21276595744681   -0.44680851063830    0.00000000000000             2
    0.44680851063830    0.34042553191490    0.00000000000000             2
   -0.34042553191490   -0.44680851063830    0.00000000000000             2
    0.21276595744681    0.34042553191490    0.00000000000000             2
   -0.44680851063830   -0.21276595744681    0.00000000000000             2
    0.36170212765958    0.21276595744681    0.00000000000000             2
   -0.21276595744681   -0.42553191489362    0.00000000000000             2
    0.42553191489362    0.36170212765958    0.00000000000000             2
   -0.36170212765958   -0.42553191489362    0.00000000000000             2
    0.21276595744681    0.36170212765958    0.00000000000000             2
   -0.42553191489362   -0.21276595744681    0.00000000000000             2
    0.38297872340426    0.21276595744681    0.00000000000000             2
   -0.21276595744681   -0.40425531914894    0.00000000000000             2
    0.40425531914894    0.38297872340426    0.00000000000000             2
   -0.38297872340426   -0.40425531914894    0.00000000000000             2
    0.21276595744681    0.38297872340426    0.00000000000000             2
   -0.40425531914894   -0.21276595744681    0.00000000000000             2
    0.23404255319149    0.23404255319149    0.00000000000000             2
   -0.23404255319149    0.46808510638297    0.00000000000000             2
   -0.46808510638297    0.23404255319149    0.00000000000000             2
    0.25531914893617    0.23404255319149    0.00000000000000             2
   -0.23404255319149    0.48936170212766    0.00000000000000             2
   -0.48936170212766    0.25531914893617    0.00000000000000             2
   -0.25531914893617    0.48936170212766    0.00000000000000             2
    0.23404255319149    0.25531914893617    0.00000000000000             2
    0.48936170212766   -0.23404255319149    0.00000000000000             2
    0.27659574468085    0.23404255319149    0.00000000000000             2
   -0.23404255319149   -0.48936170212766    0.00000000000000             2
    0.48936170212766    0.27659574468085    0.00000000000000             2
   -0.27659574468085   -0.48936170212766    0.00000000000000             2
    0.23404255319149    0.27659574468085    0.00000000000000             2
   -0.48936170212766   -0.23404255319149    0.00000000000000             2
    0.29787234042553    0.23404255319149    0.00000000000000             2
   -0.23404255319149   -0.46808510638298    0.00000000000000             2
    0.46808510638298    0.29787234042553    0.00000000000000             2
   -0.29787234042553   -0.46808510638298    0.00000000000000             2
    0.23404255319149    0.29787234042553    0.00000000000000             2
   -0.46808510638298   -0.23404255319149    0.00000000000000             2
    0.31914893617022    0.23404255319149    0.00000000000000             2
   -0.23404255319149   -0.44680851063830    0.00000000000000             2
    0.44680851063830    0.31914893617022    0.00000000000000             2
   -0.31914893617022   -0.44680851063830    0.00000000000000             2
    0.23404255319149    0.31914893617022    0.00000000000000             2
   -0.44680851063830   -0.23404255319149    0.00000000000000             2
    0.34042553191490    0.23404255319149    0.00000000000000             2
   -0.23404255319149   -0.42553191489362    0.00000000000000             2
    0.42553191489362    0.34042553191490    0.00000000000000             2
   -0.34042553191490   -0.42553191489362    0.00000000000000             2
    0.23404255319149    0.34042553191490    0.00000000000000             2
   -0.42553191489362   -0.23404255319149    0.00000000000000             2
    0.36170212765958    0.23404255319149    0.00000000000000             2
   -0.23404255319149   -0.40425531914894    0.00000000000000             2
    0.40425531914894    0.36170212765958    0.00000000000000             2
   -0.36170212765958   -0.40425531914894    0.00000000000000             2
    0.23404255319149    0.36170212765958    0.00000000000000             2
   -0.40425531914894   -0.23404255319149    0.00000000000000             2
    0.38297872340426    0.23404255319149    0.00000000000000             2
   -0.23404255319149   -0.38297872340426    0.00000000000000             2
    0.38297872340426    0.38297872340426    0.00000000000000             2
    0.25531914893617    0.25531914893617    0.00000000000000             2
   -0.25531914893617   -0.48936170212765    0.00000000000000             2
    0.48936170212765    0.25531914893617    0.00000000000000             2
    0.27659574468085    0.25531914893617    0.00000000000000             2
   -0.25531914893617   -0.46808510638297    0.00000000000000             2
    0.46808510638297    0.27659574468085    0.00000000000000             2
   -0.27659574468085   -0.46808510638297    0.00000000000000             2
    0.25531914893617    0.27659574468085    0.00000000000000             2
   -0.46808510638297   -0.25531914893617    0.00000000000000             2
    0.29787234042553    0.25531914893617    0.00000000000000             2
   -0.25531914893617   -0.44680851063829    0.00000000000000             2
    0.44680851063829    0.29787234042553    0.00000000000000             2
   -0.29787234042553   -0.44680851063829    0.00000000000000             2
    0.25531914893617    0.29787234042553    0.00000000000000             2
   -0.44680851063829   -0.25531914893617    0.00000000000000             2
    0.31914893617022    0.25531914893617    0.00000000000000             2
   -0.25531914893617   -0.42553191489361    0.00000000000000             2
    0.42553191489361    0.31914893617022    0.00000000000000             2
   -0.31914893617022   -0.42553191489361    0.00000000000000             2
    0.25531914893617    0.31914893617022    0.00000000000000             2
   -0.42553191489361   -0.25531914893617    0.00000000000000             2
    0.34042553191490    0.25531914893617    0.00000000000000             2
   -0.25531914893617   -0.40425531914893    0.00000000000000             2
    0.40425531914893    0.34042553191490    0.00000000000000             2
   -0.34042553191490   -0.40425531914893    0.00000000000000             2
    0.25531914893617    0.34042553191490    0.00000000000000             2
   -0.40425531914893   -0.25531914893617    0.00000000000000             2
    0.36170212765958    0.25531914893617    0.00000000000000             2
   -0.25531914893617   -0.38297872340425    0.00000000000000             2
    0.38297872340425    0.36170212765958    0.00000000000000             2
   -0.36170212765958   -0.38297872340425    0.00000000000000             2
    0.25531914893617    0.36170212765958    0.00000000000000             2
   -0.38297872340425   -0.25531914893617    0.00000000000000             2
    0.27659574468085    0.27659574468085    0.00000000000000             2
   -0.27659574468085   -0.44680851063829    0.00000000000000             2
    0.44680851063829    0.27659574468085    0.00000000000000             2
    0.29787234042553    0.27659574468085    0.00000000000000             2
   -0.27659574468085   -0.42553191489361    0.00000000000000             2
    0.42553191489361    0.29787234042553    0.00000000000000             2
   -0.29787234042553   -0.42553191489361    0.00000000000000             2
    0.27659574468085    0.29787234042553    0.00000000000000             2
   -0.42553191489361   -0.27659574468085    0.00000000000000             2
    0.31914893617022    0.27659574468085    0.00000000000000             2
   -0.27659574468085   -0.40425531914893    0.00000000000000             2
    0.40425531914893    0.31914893617022    0.00000000000000             2
   -0.31914893617022   -0.40425531914893    0.00000000000000             2
    0.27659574468085    0.31914893617022    0.00000000000000             2
   -0.40425531914893   -0.27659574468085    0.00000000000000             2
    0.34042553191490    0.27659574468085    0.00000000000000             2
   -0.27659574468085   -0.38297872340425    0.00000000000000             2
    0.38297872340425    0.34042553191490    0.00000000000000             2
   -0.34042553191490   -0.38297872340425    0.00000000000000             2
    0.27659574468085    0.34042553191490    0.00000000000000             2
   -0.38297872340425   -0.27659574468085    0.00000000000000             2
    0.36170212765958    0.27659574468085    0.00000000000000             2
   -0.27659574468085   -0.36170212765957    0.00000000000000             2
    0.36170212765957    0.36170212765958    0.00000000000000             2
    0.29787234042553    0.29787234042553    0.00000000000000             2
   -0.29787234042553   -0.40425531914893    0.00000000000000             2
    0.40425531914893    0.29787234042553    0.00000000000000             2
    0.31914893617022    0.29787234042553    0.00000000000000             2
   -0.29787234042553   -0.38297872340425    0.00000000000000             2
    0.38297872340425    0.31914893617022    0.00000000000000             2
   -0.31914893617022   -0.38297872340425    0.00000000000000             2
    0.29787234042553    0.31914893617022    0.00000000000000             2
   -0.38297872340425   -0.29787234042553    0.00000000000000             2
    0.34042553191490    0.29787234042553    0.00000000000000             2
   -0.29787234042553   -0.36170212765957    0.00000000000000             2
    0.36170212765957    0.34042553191490    0.00000000000000             2
   -0.34042553191490   -0.36170212765957    0.00000000000000             2
    0.29787234042553    0.34042553191490    0.00000000000000             2
   -0.36170212765957   -0.29787234042553    0.00000000000000             2
    0.31914893617022    0.31914893617022    0.00000000000000             2
   -0.31914893617022   -0.36170212765957    0.00000000000000             2
    0.36170212765957    0.31914893617022    0.00000000000000             2
    0.34042553191490    0.31914893617022    0.00000000000000             2
   -0.31914893617022   -0.34042553191489    0.00000000000000             2
    0.34042553191489    0.34042553191490    0.00000000000000             2
