Automatically generated mesh
     545
Reciprocal lattice
    0.00000000000000    0.00000000000000    0.00000000000000             1
    0.03030303030303   -0.00000000000000    0.00000000000000             2
   -0.00000000000000    0.03030303030303    0.00000000000000             2
   -0.03030303030303    0.03030303030303    0.00000000000000             2
    0.06060606060606   -0.00000000000000    0.00000000000000             2
   -0.00000000000000    0.06060606060606    0.00000000000000             2
   -0.06060606060606    0.06060606060606    0.00000000000000             2
    0.09090909090909   -0.00000000000000    0.00000000000000             2
    0.00000000000000    0.09090909090909    0.00000000000000             2
   -0.09090909090909    0.09090909090909    0.00000000000000             2
    0.12121212121212   -0.00000000000000    0.00000000000000             2
   -0.00000000000000    0.12121212121212    0.00000000000000             2
   -0.12121212121212    0.12121212121212    0.00000000000000             2
    0.15151515151515    0.00000000000000    0.00000000000000             2
    0.00000000000000    0.15151515151515    0.00000000000000             2
   -0.15151515151515    0.15151515151515    0.00000000000000             2
    0.18181818181818    0.00000000000000    0.00000000000000             2
    0.00000000000000    0.18181818181818    0.00000000000000             2
   -0.18181818181818    0.18181818181818    0.00000000000000             2
    0.21212121212121    0.00000000000000    0.00000000000000             2
    0.00000000000000    0.21212121212121    0.00000000000000             2
   -0.21212121212121    0.21212121212121    0.00000000000000             2
    0.24242424242424    0.00000000000000    0.00000000000000             2
   -0.00000000000000    0.24242424242424    0.00000000000000             2
   -0.24242424242424    0.24242424242424    0.00000000000000             2
    0.27272727272727    0.00000000000000    0.00000000000000             2
    0.00000000000000    0.27272727272727    0.00000000000000             2
   -0.27272727272727    0.27272727272727    0.00000000000000             2
    0.30303030303030    0.00000000000000    0.00000000000000             2
    0.00000000000000    0.30303030303030    0.00000000000000             2
   -0.30303030303030    0.30303030303030    0.00000000000000             2
    0.33333333333334    0.00000000000000    0.00000000000000             2
    0.00000000000000    0.33333333333334    0.00000000000000             2
   -0.33333333333334    0.33333333333334    0.00000000000000             2
    0.36363636363637   -0.00000000000000    0.00000000000000             2
   -0.00000000000000    0.36363636363637    0.00000000000000             2
   -0.36363636363637    0.36363636363637    0.00000000000000             2
    0.39393939393939   -0.00000000000000    0.00000000000000             2
   -0.00000000000000    0.39393939393939    0.00000000000000             2
   -0.39393939393939    0.39393939393939    0.00000000000000             2
    0.42424242424242    0.00000000000000    0.00000000000000             2
    0.00000000000000    0.42424242424242    0.00000000000000             2
   -0.42424242424242    0.42424242424242    0.00000000000000             2
    0.45454545454545   -0.00000000000000    0.00000000000000             2
    0.00000000000000    0.45454545454545    0.00000000000000             2
   -0.45454545454545    0.45454545454545    0.00000000000000             2
    0.48484848484848    0.00000000000000    0.00000000000000             2
   -0.00000000000000    0.48484848484848    0.00000000000000             2
   -0.48484848484848    0.48484848484848    0.00000000000000             2
    0.03030303030303    0.03030303030303    0.00000000000000             2
   -0.03030303030303    0.06060606060606    0.00000000000000             2
   -0.06060606060606    0.03030303030303    0.00000000000000             2
    0.06060606060606    0.03030303030303    0.00000000000000             2
   -0.03030303030303    0.09090909090909    0.00000000000000             2
   -0.09090909090909    0.06060606060606    0.00000000000000             2
   -0.06060606060606    0.09090909090909    0.00000000000000             2
    0.03030303030303    0.06060606060606    0.00000000000000             2
    0.09090909090909   -0.03030303030303    0.00000000000000             2
    0.09090909090909    0.03030303030303    0.00000000000000             2
   -0.03030303030303    0.12121212121212    0.00000000000000             2
   -0.12121212121212    0.09090909090909    0.00000000000000             2
   -0.09090909090909    0.12121212121212    0.00000000000000             2
    0.03030303030303    0.09090909090909    0.00000000000000             2
    0.12121212121212   -0.03030303030303    0.00000000000000             2
    0.12121212121212    0.03030303030303    0.00000000000000             2
   -0.03030303030303    0.15151515151516    0.00000000000000             2
   -0.15151515151516    0.12121212121212    0.00000000000000             2
   -0.12121212121212    0.15151515151516    0.00000000000000             2
    0.03030303030303    0.12121212121212    0.00000000000000             2
    0.15151515151516   -0.03030303030303    0.00000000000000             2
    0.15151515151515    0.03030303030303    0.00000000000000             2
   -0.03030303030303    0.18181818181818    0.00000000000000             2
   -0.18181818181818    0.15151515151515    0.00000000000000             2
   -0.15151515151515    0.18181818181818    0.00000000000000             2
    0.03030303030303    0.15151515151515    0.00000000000000             2
    0.18181818181818   -0.03030303030303    0.00000000000000             2
    0.18181818181818    0.03030303030303    0.00000000000000             2
   -0.03030303030303    0.21212121212121    0.00000000000000             2
   -0.21212121212121    0.18181818181818    0.00000000000000             2
   -0.18181818181818    0.21212121212121    0.00000000000000             2
    0.03030303030303    0.18181818181818    0.00000000000000             2
    0.21212121212121   -0.03030303030303    0.00000000000000             2
    0.21212121212121    0.03030303030303    0.00000000000000             2
   -0.03030303030303    0.24242424242424    0.00000000000000             2
   -0.24242424242424    0.21212121212121    0.00000000000000             2
   -0.21212121212121    0.24242424242424    0.00000000000000             2
    0.03030303030303    0.21212121212121    0.00000000000000             2
    0.24242424242424   -0.03030303030303    0.00000000000000             2
    0.24242424242424    0.03030303030303    0.00000000000000             2
   -0.03030303030303    0.27272727272727    0.00000000000000             2
   -0.27272727272727    0.24242424242424    0.00000000000000             2
   -0.24242424242424    0.27272727272727    0.00000000000000             2
    0.03030303030303    0.24242424242424    0.00000000000000             2
    0.27272727272727   -0.03030303030303    0.00000000000000             2
    0.27272727272727    0.03030303030303    0.00000000000000             2
   -0.03030303030303    0.30303030303030    0.00000000000000             2
   -0.30303030303030    0.27272727272727    0.00000000000000             2
   -0.27272727272727    0.30303030303030    0.00000000000000             2
    0.03030303030303    0.27272727272727    0.00000000000000             2
    0.30303030303030   -0.03030303030303    0.00000000000000             2
    0.30303030303030    0.03030303030303    0.00000000000000             2
   -0.03030303030303    0.33333333333334    0.00000000000000             2
   -0.33333333333334    0.30303030303030    0.00000000000000             2
   -0.30303030303030    0.33333333333334    0.00000000000000             2
    0.03030303030303    0.30303030303030    0.00000000000000             2
    0.33333333333334   -0.03030303030303    0.00000000000000             2
    0.33333333333334    0.03030303030303    0.00000000000000             2
   -0.03030303030303    0.36363636363637    0.00000000000000             2
   -0.36363636363637    0.33333333333334    0.00000000000000             2
   -0.33333333333334    0.36363636363637    0.00000000000000             2
    0.03030303030303    0.33333333333334    0.00000000000000             2
    0.36363636363637   -0.03030303030303    0.00000000000000             2
    0.36363636363637    0.03030303030303    0.00000000000000             2
   -0.03030303030303    0.39393939393940    0.00000000000000             2
   -0.39393939393940    0.36363636363637    0.00000000000000             2
   -0.36363636363637    0.39393939393940    0.00000000000000             2
    0.03030303030303    0.36363636363637    0.00000000000000             2
    0.39393939393940   -0.03030303030303    0.00000000000000             2
    0.39393939393939    0.03030303030303    0.00000000000000             2
   -0.03030303030303    0.42424242424242    0.00000000000000             2
   -0.42424242424242    0.39393939393939    0.00000000000000             2
   -0.39393939393939    0.42424242424242    0.00000000000000             2
    0.03030303030303    0.39393939393939    0.00000000000000             2
    0.42424242424242   -0.03030303030303    0.00000000000000             2
    0.42424242424242    0.03030303030303    0.00000000000000             2
   -0.03030303030303    0.45454545454545    0.00000000000000             2
   -0.45454545454545    0.42424242424242    0.00000000000000             2
   -0.42424242424242    0.45454545454545    0.00000000000000             2
    0.03030303030303    0.42424242424242    0.00000000000000             2
    0.45454545454545   -0.03030303030303    0.00000000000000             2
    0.45454545454545    0.03030303030303    0.00000000000000             2
   -0.03030303030303    0.48484848484848    0.00000000000000             2
   -0.48484848484848    0.45454545454545    0.00000000000000             2
   -0.45454545454545    0.48484848484848    0.00000000000000             2
    0.03030303030303    0.45454545454545    0.00000000000000             2
    0.48484848484848   -0.03030303030303    0.00000000000000             2
    0.48484848484848    0.03030303030303    0.00000000000000             2
   -0.03030303030303   -0.48484848484848    0.00000000000000             2
    0.48484848484848    0.48484848484848    0.00000000000000             2
    0.06060606060606    0.06060606060606    0.00000000000000             2
   -0.06060606060606    0.12121212121212    0.00000000000000             2
   -0.12121212121212    0.06060606060606    0.00000000000000             2
    0.09090909090909    0.06060606060606    0.00000000000000             2
   -0.06060606060606    0.15151515151516    0.00000000000000             2
   -0.15151515151516    0.09090909090909    0.00000000000000             2
   -0.09090909090909    0.15151515151516    0.00000000000000             2
    0.06060606060606    0.09090909090909    0.00000000000000             2
    0.15151515151516   -0.06060606060606    0.00000000000000             2
    0.12121212121212    0.06060606060606    0.00000000000000             2
   -0.06060606060606    0.18181818181819    0.00000000000000             2
   -0.18181818181819    0.12121212121212    0.00000000000000             2
   -0.12121212121212    0.18181818181819    0.00000000000000             2
    0.06060606060606    0.12121212121212    0.00000000000000             2
    0.18181818181819   -0.06060606060606    0.00000000000000             2
    0.15151515151515    0.06060606060606    0.00000000000000             2
   -0.06060606060606    0.21212121212121    0.00000000000000             2
   -0.21212121212121    0.15151515151515    0.00000000000000             2
   -0.15151515151515    0.21212121212121    0.00000000000000             2
    0.06060606060606    0.15151515151515    0.00000000000000             2
    0.21212121212121   -0.06060606060606    0.00000000000000             2
    0.18181818181818    0.06060606060606    0.00000000000000             2
   -0.06060606060606    0.24242424242424    0.00000000000000             2
   -0.24242424242424    0.18181818181818    0.00000000000000             2
   -0.18181818181818    0.24242424242424    0.00000000000000             2
    0.06060606060606    0.18181818181818    0.00000000000000             2
    0.24242424242424   -0.06060606060606    0.00000000000000             2
    0.21212121212121    0.06060606060606    0.00000000000000             2
   -0.06060606060606    0.27272727272727    0.00000000000000             2
   -0.27272727272727    0.21212121212121    0.00000000000000             2
   -0.21212121212121    0.27272727272727    0.00000000000000             2
    0.06060606060606    0.21212121212121    0.00000000000000             2
    0.27272727272727   -0.06060606060606    0.00000000000000             2
    0.24242424242424    0.06060606060606    0.00000000000000             2
   -0.06060606060606    0.30303030303030    0.00000000000000             2
   -0.30303030303030    0.24242424242424    0.00000000000000             2
   -0.24242424242424    0.30303030303030    0.00000000000000             2
    0.06060606060606    0.24242424242424    0.00000000000000             2
    0.30303030303030   -0.06060606060606    0.00000000000000             2
    0.27272727272727    0.06060606060606    0.00000000000000             2
   -0.06060606060606    0.33333333333334    0.00000000000000             2
   -0.33333333333334    0.27272727272727    0.00000000000000             2
   -0.27272727272727    0.33333333333334    0.00000000000000             2
    0.06060606060606    0.27272727272727    0.00000000000000             2
    0.33333333333334   -0.06060606060606    0.00000000000000             2
    0.30303030303030    0.06060606060606    0.00000000000000             2
   -0.06060606060606    0.36363636363637    0.00000000000000             2
   -0.36363636363637    0.30303030303030    0.00000000000000             2
   -0.30303030303030    0.36363636363637    0.00000000000000             2
    0.06060606060606    0.30303030303030    0.00000000000000             2
    0.36363636363637   -0.06060606060606    0.00000000000000             2
    0.33333333333334    0.06060606060606    0.00000000000000             2
   -0.06060606060606    0.39393939393940    0.00000000000000             2
   -0.39393939393940    0.33333333333334    0.00000000000000             2
   -0.33333333333334    0.39393939393940    0.00000000000000             2
    0.06060606060606    0.33333333333334    0.00000000000000             2
    0.39393939393940   -0.06060606060606    0.00000000000000             2
    0.36363636363637    0.06060606060606    0.00000000000000             2
   -0.06060606060606    0.42424242424243    0.00000000000000             2
   -0.42424242424243    0.36363636363637    0.00000000000000             2
   -0.36363636363637    0.42424242424243    0.00000000000000             2
    0.06060606060606    0.36363636363637    0.00000000000000             2
    0.42424242424243   -0.06060606060606    0.00000000000000             2
    0.39393939393939    0.06060606060606    0.00000000000000             2
   -0.06060606060606    0.45454545454545    0.00000000000000             2
   -0.45454545454545    0.39393939393939    0.00000000000000             2
   -0.39393939393939    0.45454545454545    0.00000000000000             2
    0.06060606060606    0.39393939393939    0.00000000000000             2
    0.45454545454545   -0.06060606060606    0.00000000000000             2
    0.42424242424242    0.06060606060606    0.00000000000000             2
   -0.06060606060606    0.48484848484848    0.00000000000000             2
   -0.48484848484848    0.42424242424242    0.00000000000000             2
   -0.42424242424242    0.48484848484848    0.00000000000000             2
    0.06060606060606    0.42424242424242    0.00000000000000             2
    0.48484848484848   -0.06060606060606    0.00000000000000             2
    0.45454545454545    0.06060606060606    0.00000000000000             2
   -0.06060606060606   -0.48484848484848    0.00000000000000             2
    0.48484848484848    0.45454545454545    0.00000000000000             2
   -0.45454545454545   -0.48484848484848    0.00000000000000             2
    0.06060606060606    0.45454545454545    0.00000000000000             2
   -0.48484848484848   -0.06060606060606    0.00000000000000             2
    0.09090909090909    0.09090909090909    0.00000000000000             2
   -0.09090909090909    0.18181818181819    0.00000000000000             2
   -0.18181818181819    0.09090909090909    0.00000000000000             2
    0.12121212121212    0.09090909090909    0.00000000000000             2
   -0.09090909090909    0.21212121212122    0.00000000000000             2
   -0.21212121212122    0.12121212121212    0.00000000000000             2
   -0.12121212121212    0.21212121212122    0.00000000000000             2
    0.09090909090909    0.12121212121212    0.00000000000000             2
    0.21212121212122   -0.09090909090909    0.00000000000000             2
    0.15151515151515    0.09090909090909    0.00000000000000             2
   -0.09090909090909    0.24242424242424    0.00000000000000             2
   -0.24242424242424    0.15151515151515    0.00000000000000             2
   -0.15151515151515    0.24242424242424    0.00000000000000             2
    0.09090909090909    0.15151515151515    0.00000000000000             2
    0.24242424242424   -0.09090909090909    0.00000000000000             2
    0.18181818181818    0.09090909090909    0.00000000000000             2
   -0.09090909090909    0.27272727272727    0.00000000000000             2
   -0.27272727272727    0.18181818181818    0.00000000000000             2
   -0.18181818181818    0.27272727272727    0.00000000000000             2
    0.09090909090909    0.18181818181818    0.00000000000000             2
    0.27272727272727   -0.09090909090909    0.00000000000000             2
    0.21212121212121    0.09090909090909    0.00000000000000             2
   -0.09090909090909    0.30303030303030    0.00000000000000             2
   -0.30303030303030    0.21212121212121    0.00000000000000             2
   -0.21212121212121    0.30303030303030    0.00000000000000             2
    0.09090909090909    0.21212121212121    0.00000000000000             2
    0.30303030303030   -0.09090909090909    0.00000000000000             2
    0.24242424242424    0.09090909090909    0.00000000000000             2
   -0.09090909090909    0.33333333333334    0.00000000000000             2
   -0.33333333333334    0.24242424242424    0.00000000000000             2
   -0.24242424242424    0.33333333333334    0.00000000000000             2
    0.09090909090909    0.24242424242424    0.00000000000000             2
    0.33333333333334   -0.09090909090909    0.00000000000000             2
    0.27272727272727    0.09090909090909    0.00000000000000             2
   -0.09090909090909    0.36363636363637    0.00000000000000             2
   -0.36363636363637    0.27272727272727    0.00000000000000             2
   -0.27272727272727    0.36363636363637    0.00000000000000             2
    0.09090909090909    0.27272727272727    0.00000000000000             2
    0.36363636363637   -0.09090909090909    0.00000000000000             2
    0.30303030303030    0.09090909090909    0.00000000000000             2
   -0.09090909090909    0.39393939393940    0.00000000000000             2
   -0.39393939393940    0.30303030303030    0.00000000000000             2
   -0.30303030303030    0.39393939393940    0.00000000000000             2
    0.09090909090909    0.30303030303030    0.00000000000000             2
    0.39393939393940   -0.09090909090909    0.00000000000000             2
    0.33333333333334    0.09090909090909    0.00000000000000             2
   -0.09090909090909    0.42424242424243    0.00000000000000             2
   -0.42424242424243    0.33333333333334    0.00000000000000             2
   -0.33333333333334    0.42424242424243    0.00000000000000             2
    0.09090909090909    0.33333333333334    0.00000000000000             2
    0.42424242424243   -0.09090909090909    0.00000000000000             2
    0.36363636363637    0.09090909090909    0.00000000000000             2
   -0.09090909090909    0.45454545454546    0.00000000000000             2
   -0.45454545454546    0.36363636363637    0.00000000000000             2
   -0.36363636363637    0.45454545454546    0.00000000000000             2
    0.09090909090909    0.36363636363637    0.00000000000000             2
    0.45454545454546   -0.09090909090909    0.00000000000000             2
    0.39393939393939    0.09090909090909    0.00000000000000             2
   -0.09090909090909    0.48484848484848    0.00000000000000             2
   -0.48484848484848    0.39393939393939    0.00000000000000             2
   -0.39393939393939    0.48484848484848    0.00000000000000             2
    0.09090909090909    0.39393939393939    0.00000000000000             2
    0.48484848484848   -0.09090909090909    0.00000000000000             2
    0.42424242424242    0.09090909090909    0.00000000000000             2
   -0.09090909090909   -0.48484848484848    0.00000000000000             2
    0.48484848484848    0.42424242424242    0.00000000000000             2
   -0.42424242424242   -0.48484848484848    0.00000000000000             2
    0.09090909090909    0.42424242424242    0.00000000000000             2
   -0.48484848484848   -0.09090909090909    0.00000000000000             2
    0.45454545454545    0.09090909090909    0.00000000000000             2
   -0.09090909090909   -0.45454545454545    0.00000000000000             2
    0.45454545454545    0.45454545454545    0.00000000000000             2
    0.12121212121212    0.12121212121212    0.00000000000000             2
   -0.12121212121212    0.24242424242425    0.00000000000000             2
   -0.24242424242425    0.12121212121212    0.00000000000000             2
    0.15151515151515    0.12121212121212    0.00000000000000             2
   -0.12121212121212    0.27272727272727    0.00000000000000             2
   -0.27272727272727    0.15151515151515    0.00000000000000             2
   -0.15151515151515    0.27272727272727    0.00000000000000             2
    0.12121212121212    0.15151515151515    0.00000000000000             2
    0.27272727272727   -0.12121212121212    0.00000000000000             2
    0.18181818181818    0.12121212121212    0.00000000000000             2
   -0.12121212121212    0.30303030303030    0.00000000000000             2
   -0.30303030303030    0.18181818181818    0.00000000000000             2
   -0.18181818181818    0.30303030303030    0.00000000000000             2
    0.12121212121212    0.18181818181818    0.00000000000000             2
    0.30303030303030   -0.12121212121212    0.00000000000000             2
    0.21212121212121    0.12121212121212    0.00000000000000             2
   -0.12121212121212    0.33333333333334    0.00000000000000             2
   -0.33333333333334    0.21212121212121    0.00000000000000             2
   -0.21212121212121    0.33333333333334    0.00000000000000             2
    0.12121212121212    0.21212121212121    0.00000000000000             2
    0.33333333333334   -0.12121212121212    0.00000000000000             2
    0.24242424242424    0.12121212121212    0.00000000000000             2
   -0.12121212121212    0.36363636363637    0.00000000000000             2
   -0.36363636363637    0.24242424242424    0.00000000000000             2
   -0.24242424242424    0.36363636363637    0.00000000000000             2
    0.12121212121212    0.24242424242424    0.00000000000000             2
    0.36363636363637   -0.12121212121212    0.00000000000000             2
    0.27272727272727    0.12121212121212    0.00000000000000             2
   -0.12121212121212    0.39393939393940    0.00000000000000             2
   -0.39393939393940    0.27272727272727    0.00000000000000             2
   -0.27272727272727    0.39393939393940    0.00000000000000             2
    0.12121212121212    0.27272727272727    0.00000000000000             2
    0.39393939393940   -0.12121212121212    0.00000000000000             2
    0.30303030303030    0.12121212121212    0.00000000000000             2
   -0.12121212121212    0.42424242424243    0.00000000000000             2
   -0.42424242424243    0.30303030303030    0.00000000000000             2
   -0.30303030303030    0.42424242424243    0.00000000000000             2
    0.12121212121212    0.30303030303030    0.00000000000000             2
    0.42424242424243   -0.12121212121212    0.00000000000000             2
    0.33333333333334    0.12121212121212    0.00000000000000             2
   -0.12121212121212    0.45454545454546    0.00000000000000             2
   -0.45454545454546    0.33333333333334    0.00000000000000             2
   -0.33333333333334    0.45454545454546    0.00000000000000             2
    0.12121212121212    0.33333333333334    0.00000000000000             2
    0.45454545454546   -0.12121212121212    0.00000000000000             2
    0.36363636363637    0.12121212121212    0.00000000000000             2
   -0.12121212121212    0.48484848484849    0.00000000000000             2
   -0.48484848484849    0.36363636363637    0.00000000000000             2
   -0.36363636363637    0.48484848484849    0.00000000000000             2
    0.12121212121212    0.36363636363637    0.00000000000000             2
    0.48484848484849   -0.12121212121212    0.00000000000000             2
    0.39393939393939    0.12121212121212    0.00000000000000             2
   -0.12121212121212   -0.48484848484848    0.00000000000000             2
    0.48484848484848    0.39393939393939    0.00000000000000             2
   -0.39393939393939   -0.48484848484848    0.00000000000000             2
    0.12121212121212    0.39393939393939    0.00000000000000             2
   -0.48484848484848   -0.12121212121212    0.00000000000000             2
    0.42424242424242    0.12121212121212    0.00000000000000             2
   -0.12121212121212   -0.45454545454545    0.00000000000000             2
    0.45454545454545    0.42424242424242    0.00000000000000             2
   -0.42424242424242   -0.45454545454545    0.00000000000000             2
    0.12121212121212    0.42424242424242    0.00000000000000             2
   -0.45454545454545   -0.12121212121212    0.00000000000000             2
    0.15151515151515    0.15151515151515    0.00000000000000             2
   -0.15151515151515    0.30303030303030    0.00000000000000             2
   -0.30303030303030    0.15151515151515    0.00000000000000             2
    0.18181818181818    0.15151515151515    0.00000000000000             2
   -0.15151515151515    0.33333333333333    0.00000000000000             2
   -0.33333333333333    0.18181818181818    0.00000000000000             2
   -0.18181818181818    0.33333333333333    0.00000000000000             2
    0.15151515151515    0.18181818181818    0.00000000000000             2
    0.33333333333333   -0.15151515151515    0.00000000000000             2
    0.21212121212121    0.15151515151515    0.00000000000000             2
   -0.15151515151515    0.36363636363636    0.00000000000000             2
   -0.36363636363636    0.21212121212121    0.00000000000000             2
   -0.21212121212121    0.36363636363636    0.00000000000000             2
    0.15151515151515    0.21212121212121    0.00000000000000             2
    0.36363636363636   -0.15151515151515    0.00000000000000             2
    0.24242424242424    0.15151515151515    0.00000000000000             2
   -0.15151515151515    0.39393939393939    0.00000000000000             2
   -0.39393939393939    0.24242424242424    0.00000000000000             2
   -0.24242424242424    0.39393939393939    0.00000000000000             2
    0.15151515151515    0.24242424242424    0.00000000000000             2
    0.39393939393939   -0.15151515151515    0.00000000000000             2
    0.27272727272727    0.15151515151515    0.00000000000000             2
   -0.15151515151515    0.42424242424242    0.00000000000000             2
   -0.42424242424242    0.27272727272727    0.00000000000000             2
   -0.27272727272727    0.42424242424242    0.00000000000000             2
    0.15151515151515    0.27272727272727    0.00000000000000             2
    0.42424242424242   -0.15151515151515    0.00000000000000             2
    0.30303030303030    0.15151515151515    0.00000000000000             2
   -0.15151515151515    0.45454545454545    0.00000000000000             2
   -0.45454545454545    0.30303030303030    0.00000000000000             2
   -0.30303030303030    0.45454545454545    0.00000000000000             2
    0.15151515151515    0.30303030303030    0.00000000000000             2
    0.45454545454545   -0.15151515151515    0.00000000000000             2
    0.33333333333334    0.15151515151515    0.00000000000000             2
   -0.15151515151515    0.48484848484848    0.00000000000000             2
   -0.48484848484848    0.33333333333334    0.00000000000000             2
   -0.33333333333334    0.48484848484848    0.00000000000000             2
    0.15151515151515    0.33333333333334    0.00000000000000             2
    0.48484848484848   -0.15151515151515    0.00000000000000             2
    0.36363636363637    0.15151515151515    0.00000000000000             2
   -0.15151515151515   -0.48484848484848    0.00000000000000             2
    0.48484848484848    0.36363636363637    0.00000000000000             2
   -0.36363636363637   -0.48484848484848    0.00000000000000             2
    0.15151515151515    0.36363636363637    0.00000000000000             2
   -0.48484848484848   -0.15151515151515    0.00000000000000             2
    0.39393939393939    0.15151515151515    0.00000000000000             2
   -0.15151515151515   -0.45454545454546    0.00000000000000             2
    0.45454545454546    0.39393939393939    0.00000000000000             2
   -0.39393939393939   -0.45454545454546    0.00000000000000             2
    0.15151515151515    0.39393939393939    0.00000000000000             2
   -0.45454545454546   -0.15151515151515    0.00000000000000             2
    0.42424242424242    0.15151515151515    0.00000000000000             2
   -0.15151515151515   -0.42424242424243    0.00000000000000             2
    0.42424242424243    0.42424242424242    0.00000000000000             2
    0.18181818181818    0.18181818181818    0.00000000000000             2
   -0.18181818181818    0.36363636363636    0.00000000000000             2
   -0.36363636363636    0.18181818181818    0.00000000000000             2
    0.21212121212121    0.18181818181818    0.00000000000000             2
   -0.18181818181818    0.39393939393939    0.00000000000000             2
   -0.39393939393939    0.21212121212121    0.00000000000000             2
   -0.21212121212121    0.39393939393939    0.00000000000000             2
    0.18181818181818    0.21212121212121    0.00000000000000             2
    0.39393939393939   -0.18181818181818    0.00000000000000             2
    0.24242424242424    0.18181818181818    0.00000000000000             2
   -0.18181818181818    0.42424242424242    0.00000000000000             2
   -0.42424242424242    0.24242424242424    0.00000000000000             2
   -0.24242424242424    0.42424242424242    0.00000000000000             2
    0.18181818181818    0.24242424242424    0.00000000000000             2
    0.42424242424242   -0.18181818181818    0.00000000000000             2
    0.27272727272727    0.18181818181818    0.00000000000000             2
   -0.18181818181818    0.45454545454545    0.00000000000000             2
   -0.45454545454545    0.27272727272727    0.00000000000000             2
   -0.27272727272727    0.45454545454545    0.00000000000000             2
    0.18181818181818    0.27272727272727    0.00000000000000             2
    0.45454545454545   -0.18181818181818    0.00000000000000             2
    0.30303030303030    0.18181818181818    0.00000000000000             2
   -0.18181818181818    0.48484848484848    0.00000000000000             2
   -0.48484848484848    0.30303030303030    0.00000000000000             2
   -0.30303030303030    0.48484848484848    0.00000000000000             2
    0.18181818181818    0.30303030303030    0.00000000000000             2
    0.48484848484848   -0.18181818181818    0.00000000000000             2
    0.33333333333334    0.18181818181818    0.00000000000000             2
   -0.18181818181818   -0.48484848484848    0.00000000000000             2
    0.48484848484848    0.33333333333334    0.00000000000000             2
   -0.33333333333334   -0.48484848484848    0.00000000000000             2
    0.18181818181818    0.33333333333334    0.00000000000000             2
   -0.48484848484848   -0.18181818181818    0.00000000000000             2
    0.36363636363637    0.18181818181818    0.00000000000000             2
   -0.18181818181818   -0.45454545454545    0.00000000000000             2
    0.45454545454545    0.36363636363637    0.00000000000000             2
   -0.36363636363637   -0.45454545454545    0.00000000000000             2
    0.18181818181818    0.36363636363637    0.00000000000000             2
   -0.45454545454545   -0.18181818181818    0.00000000000000             2
    0.39393939393939    0.18181818181818    0.00000000000000             2
   -0.18181818181818   -0.42424242424243    0.00000000000000             2
    0.42424242424243    0.39393939393939    0.00000000000000             2
   -0.39393939393939   -0.42424242424243    0.00000000000000             2
    0.18181818181818    0.39393939393939    0.00000000000000             2
   -0.42424242424243   -0.18181818181818    0.00000000000000             2
    0.21212121212121    0.21212121212121    0.00000000000000             2
   -0.21212121212121    0.42424242424242    0.00000000000000             2
   -0.42424242424242    0.21212121212121    0.00000000000000             2
    0.24242424242424    0.21212121212121    0.00000000000000             2
   -0.21212121212121    0.45454545454545    0.00000000000000             2
   -0.45454545454545    0.24242424242424    0.00000000000000             2
   -0.24242424242424    0.45454545454545    0.00000000000000             2
    0.21212121212121    0.24242424242424    0.00000000000000             2
    0.45454545454545   -0.21212121212121    0.00000000000000             2
    0.27272727272727    0.21212121212121    0.00000000000000             2
   -0.21212121212121    0.48484848484848    0.00000000000000             2
   -0.48484848484848    0.27272727272727    0.00000000000000             2
   -0.27272727272727    0.48484848484848    0.00000000000000             2
    0.21212121212121    0.27272727272727    0.00000000000000             2
    0.48484848484848   -0.21212121212121    0.00000000000000             2
    0.30303030303030    0.21212121212121    0.00000000000000             2
   -0.21212121212121   -0.48484848484848    0.00000000000000             2
    0.48484848484848    0.30303030303030    0.00000000000000             2
   -0.30303030303030   -0.48484848484848    0.00000000000000             2
    0.21212121212121    0.30303030303030    0.00000000000000             2
   -0.48484848484848   -0.21212121212121    0.00000000000000             2
    0.33333333333334    0.21212121212121    0.00000000000000             2
   -0.21212121212121   -0.45454545454545    0.00000000000000             2
    0.45454545454545    0.33333333333334    0.00000000000000             2
   -0.33333333333334   -0.45454545454545    0.00000000000000             2
    0.21212121212121    0.33333333333334    0.00000000000000             2
   -0.45454545454545   -0.21212121212121    0.00000000000000             2
    0.36363636363637    0.21212121212121    0.00000000000000             2
   -0.21212121212121   -0.42424242424242    0.00000000000000             2
    0.42424242424242    0.36363636363637    0.00000000000000             2
   -0.36363636363637   -0.42424242424242    0.00000000000000             2
    0.21212121212121    0.36363636363637    0.00000000000000             2
   -0.42424242424242   -0.21212121212121    0.00000000000000             2
    0.39393939393939    0.21212121212121    0.00000000000000             2
   -0.21212121212121   -0.39393939393940    0.00000000000000             2
    0.39393939393940    0.39393939393939    0.00000000000000             2
    0.24242424242424    0.24242424242424    0.00000000000000             2
   -0.24242424242424    0.48484848484848    0.00000000000000             2
   -0.48484848484848    0.24242424242424    0.00000000000000             2
    0.27272727272727    0.24242424242424    0.00000000000000             2
   -0.24242424242424   -0.48484848484848    0.00000000000000             2
    0.48484848484848    0.27272727272727    0.00000000000000             2
   -0.27272727272727   -0.48484848484848    0.00000000000000             2
    0.24242424242424    0.27272727272727    0.00000000000000             2
   -0.48484848484848   -0.24242424242424    0.00000000000000             2
    0.30303030303030    0.24242424242424    0.00000000000000             2
   -0.24242424242424   -0.45454545454545    0.00000000000000             2
    0.45454545454545    0.30303030303030    0.00000000000000             2
   -0.30303030303030   -0.45454545454545    0.00000000000000             2
    0.24242424242424    0.30303030303030    0.00000000000000             2
   -0.45454545454545   -0.24242424242424    0.00000000000000             2
    0.33333333333334    0.24242424242424    0.00000000000000             2
   -0.24242424242424   -0.42424242424242    0.00000000000000             2
    0.42424242424242    0.33333333333334    0.00000000000000             2
   -0.33333333333334   -0.42424242424242    0.00000000000000             2
    0.24242424242424    0.33333333333334    0.00000000000000             2
   -0.42424242424242   -0.24242424242424    0.00000000000000             2
    0.36363636363637    0.24242424242424    0.00000000000000             2
   -0.24242424242424   -0.39393939393939    0.00000000000000             2
    0.39393939393939    0.36363636363637    0.00000000000000             2
   -0.36363636363637   -0.39393939393939    0.00000000000000             2
    0.24242424242424    0.36363636363637    0.00000000000000             2
   -0.39393939393939   -0.24242424242424    0.00000000000000             2
    0.27272727272727    0.27272727272727    0.00000000000000             2
   -0.27272727272727   -0.45454545454545    0.00000000000000             2
    0.45454545454545    0.27272727272727    0.00000000000000             2
    0.30303030303030    0.27272727272727    0.00000000000000             2
   -0.27272727272727   -0.42424242424242    0.00000000000000             2
    0.42424242424242    0.30303030303030    0.00000000000000             2
   -0.30303030303030   -0.42424242424242    0.00000000000000             2
    0.27272727272727    0.30303030303030    0.00000000000000             2
   -0.42424242424242   -0.27272727272727    0.00000000000000             2
    0.33333333333334    0.27272727272727    0.00000000000000             2
   -0.27272727272727   -0.39393939393939    0.00000000000000             2
    0.39393939393939    0.33333333333334    0.00000000000000             2
   -0.33333333333334   -0.39393939393939    0.00000000000000             2
    0.27272727272727    0.33333333333334    0.00000000000000             2
   -0.39393939393939   -0.27272727272727    0.00000000000000             2
    0.36363636363637    0.27272727272727    0.00000000000000             2
   -0.27272727272727   -0.36363636363636    0.00000000000000             2
    0.36363636363636    0.36363636363637    0.00000000000000             2
    0.30303030303030    0.30303030303030    0.00000000000000             2
   -0.30303030303030   -0.39393939393939    0.00000000000000             2
    0.39393939393939    0.30303030303030    0.00000000000000             2
    0.33333333333334    0.30303030303030    0.00000000000000             2
   -0.30303030303030   -0.36363636363636    0.00000000000000             2
    0.36363636363636    0.33333333333334    0.00000000000000             2
   -0.33333333333334   -0.36363636363636    0.00000000000000             2
    0.30303030303030    0.33333333333334    0.00000000000000             2
   -0.36363636363636   -0.30303030303030    0.00000000000000             2
    0.33333333333334    0.33333333333334    0.00000000000000             2
