Automatically generated mesh
     685
Reciprocal lattice
    0.00000000000000    0.00000000000000    0.00000000000000             1
    0.02702702702703    0.00000000000000    0.00000000000000             2
    0.05405405405405    0.00000000000000    0.00000000000000             2
    0.08108108108108    0.00000000000000    0.00000000000000             2
    0.10810810810811    0.00000000000000    0.00000000000000             2
    0.13513513513514    0.00000000000000    0.00000000000000             2
    0.16216216216216    0.00000000000000    0.00000000000000             2
    0.18918918918919    0.00000000000000    0.00000000000000             2
    0.21621621621622    0.00000000000000    0.00000000000000             2
    0.24324324324324    0.00000000000000    0.00000000000000             2
    0.27027027027027    0.00000000000000    0.00000000000000             2
    0.29729729729730    0.00000000000000    0.00000000000000             2
    0.32432432432432    0.00000000000000    0.00000000000000             2
    0.35135135135135    0.00000000000000    0.00000000000000             2
    0.37837837837838    0.00000000000000    0.00000000000000             2
    0.40540540540541    0.00000000000000    0.00000000000000             2
    0.43243243243243    0.00000000000000    0.00000000000000             2
    0.45945945945946    0.00000000000000    0.00000000000000             2
    0.48648648648649    0.00000000000000    0.00000000000000             2
    0.00000000000000    0.02702702702703    0.00000000000000             2
    0.02702702702703    0.02702702702703    0.00000000000000             2
    0.05405405405405    0.02702702702703    0.00000000000000             2
    0.08108108108108    0.02702702702703    0.00000000000000             2
    0.10810810810811    0.02702702702703    0.00000000000000             2
    0.13513513513514    0.02702702702703    0.00000000000000             2
    0.16216216216216    0.02702702702703    0.00000000000000             2
    0.18918918918919    0.02702702702703    0.00000000000000             2
    0.21621621621622    0.02702702702703    0.00000000000000             2
    0.24324324324324    0.02702702702703    0.00000000000000             2
    0.27027027027027    0.02702702702703    0.00000000000000             2
    0.29729729729730    0.02702702702703    0.00000000000000             2
    0.32432432432432    0.02702702702703    0.00000000000000             2
    0.35135135135135    0.02702702702703    0.00000000000000             2
    0.37837837837838    0.02702702702703    0.00000000000000             2
    0.40540540540541    0.02702702702703    0.00000000000000             2
    0.43243243243243    0.02702702702703    0.00000000000000             2
    0.45945945945946    0.02702702702703    0.00000000000000             2
    0.48648648648649    0.02702702702703    0.00000000000000             2
   -0.48648648648649    0.02702702702703    0.00000000000000             2
   -0.45945945945946    0.02702702702703    0.00000000000000             2
   -0.43243243243243    0.02702702702703    0.00000000000000             2
   -0.40540540540541    0.02702702702703    0.00000000000000             2
   -0.37837837837838    0.02702702702703    0.00000000000000             2
   -0.35135135135135    0.02702702702703    0.00000000000000             2
   -0.32432432432432    0.02702702702703    0.00000000000000             2
   -0.29729729729730    0.02702702702703    0.00000000000000             2
   -0.27027027027027    0.02702702702703    0.00000000000000             2
   -0.24324324324324    0.02702702702703    0.00000000000000             2
   -0.21621621621622    0.02702702702703    0.00000000000000             2
   -0.18918918918919    0.02702702702703    0.00000000000000             2
   -0.16216216216216    0.02702702702703    0.00000000000000             2
   -0.13513513513514    0.02702702702703    0.00000000000000             2
   -0.10810810810811    0.02702702702703    0.00000000000000             2
   -0.08108108108108    0.02702702702703    0.00000000000000             2
   -0.05405405405405    0.02702702702703    0.00000000000000             2
   -0.02702702702703    0.02702702702703    0.00000000000000             2
    0.00000000000000    0.05405405405405    0.00000000000000             2
    0.02702702702703    0.05405405405405    0.00000000000000             2
    0.05405405405405    0.05405405405405    0.00000000000000             2
    0.08108108108108    0.05405405405405    0.00000000000000             2
    0.10810810810811    0.05405405405405    0.00000000000000             2
    0.13513513513514    0.05405405405405    0.00000000000000             2
    0.16216216216216    0.05405405405405    0.00000000000000             2
    0.18918918918919    0.05405405405405    0.00000000000000             2
    0.21621621621622    0.05405405405405    0.00000000000000             2
    0.24324324324324    0.05405405405405    0.00000000000000             2
    0.27027027027027    0.05405405405405    0.00000000000000             2
    0.29729729729730    0.05405405405405    0.00000000000000             2
    0.32432432432432    0.05405405405405    0.00000000000000             2
    0.35135135135135    0.05405405405405    0.00000000000000             2
    0.37837837837838    0.05405405405405    0.00000000000000             2
    0.40540540540541    0.05405405405405    0.00000000000000             2
    0.43243243243243    0.05405405405405    0.00000000000000             2
    0.45945945945946    0.05405405405405    0.00000000000000             2
    0.48648648648649    0.05405405405405    0.00000000000000             2
   -0.48648648648649    0.05405405405405    0.00000000000000             2
   -0.45945945945946    0.05405405405405    0.00000000000000             2
   -0.43243243243243    0.05405405405405    0.00000000000000             2
   -0.40540540540541    0.05405405405405    0.00000000000000             2
   -0.37837837837838    0.05405405405405    0.00000000000000             2
   -0.35135135135135    0.05405405405405    0.00000000000000             2
   -0.32432432432432    0.05405405405405    0.00000000000000             2
   -0.29729729729730    0.05405405405405    0.00000000000000             2
   -0.27027027027027    0.05405405405405    0.00000000000000             2
   -0.24324324324324    0.05405405405405    0.00000000000000             2
   -0.21621621621622    0.05405405405405    0.00000000000000             2
   -0.18918918918919    0.05405405405405    0.00000000000000             2
   -0.16216216216216    0.05405405405405    0.00000000000000             2
   -0.13513513513514    0.05405405405405    0.00000000000000             2
   -0.10810810810811    0.05405405405405    0.00000000000000             2
   -0.08108108108108    0.05405405405405    0.00000000000000             2
   -0.05405405405405    0.05405405405405    0.00000000000000             2
   -0.02702702702703    0.05405405405405    0.00000000000000             2
    0.00000000000000    0.08108108108108    0.00000000000000             2
    0.02702702702703    0.08108108108108    0.00000000000000             2
    0.05405405405405    0.08108108108108    0.00000000000000             2
    0.08108108108108    0.08108108108108    0.00000000000000             2
    0.10810810810811    0.08108108108108    0.00000000000000             2
    0.13513513513514    0.08108108108108    0.00000000000000             2
    0.16216216216216    0.08108108108108    0.00000000000000             2
    0.18918918918919    0.08108108108108    0.00000000000000             2
    0.21621621621622    0.08108108108108    0.00000000000000             2
    0.24324324324324    0.08108108108108    0.00000000000000             2
    0.27027027027027    0.08108108108108    0.00000000000000             2
    0.29729729729730    0.08108108108108    0.00000000000000             2
    0.32432432432432    0.08108108108108    0.00000000000000             2
    0.35135135135135    0.08108108108108    0.00000000000000             2
    0.37837837837838    0.08108108108108    0.00000000000000             2
    0.40540540540541    0.08108108108108    0.00000000000000             2
    0.43243243243243    0.08108108108108    0.00000000000000             2
    0.45945945945946    0.08108108108108    0.00000000000000             2
    0.48648648648649    0.08108108108108    0.00000000000000             2
   -0.48648648648649    0.08108108108108    0.00000000000000             2
   -0.45945945945946    0.08108108108108    0.00000000000000             2
   -0.43243243243243    0.08108108108108    0.00000000000000             2
   -0.40540540540541    0.08108108108108    0.00000000000000             2
   -0.37837837837838    0.08108108108108    0.00000000000000             2
   -0.35135135135135    0.08108108108108    0.00000000000000             2
   -0.32432432432432    0.08108108108108    0.00000000000000             2
   -0.29729729729730    0.08108108108108    0.00000000000000             2
   -0.27027027027027    0.08108108108108    0.00000000000000             2
   -0.24324324324324    0.08108108108108    0.00000000000000             2
   -0.21621621621622    0.08108108108108    0.00000000000000             2
   -0.18918918918919    0.08108108108108    0.00000000000000             2
   -0.16216216216216    0.08108108108108    0.00000000000000             2
   -0.13513513513514    0.08108108108108    0.00000000000000             2
   -0.10810810810811    0.08108108108108    0.00000000000000             2
   -0.08108108108108    0.08108108108108    0.00000000000000             2
   -0.05405405405405    0.08108108108108    0.00000000000000             2
   -0.02702702702703    0.08108108108108    0.00000000000000             2
    0.00000000000000    0.10810810810811    0.00000000000000             2
    0.02702702702703    0.10810810810811    0.00000000000000             2
    0.05405405405405    0.10810810810811    0.00000000000000             2
    0.08108108108108    0.10810810810811    0.00000000000000             2
    0.10810810810811    0.10810810810811    0.00000000000000             2
    0.13513513513514    0.10810810810811    0.00000000000000             2
    0.16216216216216    0.10810810810811    0.00000000000000             2
    0.18918918918919    0.10810810810811    0.00000000000000             2
    0.21621621621622    0.10810810810811    0.00000000000000             2
    0.24324324324324    0.10810810810811    0.00000000000000             2
    0.27027027027027    0.10810810810811    0.00000000000000             2
    0.29729729729730    0.10810810810811    0.00000000000000             2
    0.32432432432432    0.10810810810811    0.00000000000000             2
    0.35135135135135    0.10810810810811    0.00000000000000             2
    0.37837837837838    0.10810810810811    0.00000000000000             2
    0.40540540540541    0.10810810810811    0.00000000000000             2
    0.43243243243243    0.10810810810811    0.00000000000000             2
    0.45945945945946    0.10810810810811    0.00000000000000             2
    0.48648648648649    0.10810810810811    0.00000000000000             2
   -0.48648648648649    0.10810810810811    0.00000000000000             2
   -0.45945945945946    0.10810810810811    0.00000000000000             2
   -0.43243243243243    0.10810810810811    0.00000000000000             2
   -0.40540540540541    0.10810810810811    0.00000000000000             2
   -0.37837837837838    0.10810810810811    0.00000000000000             2
   -0.35135135135135    0.10810810810811    0.00000000000000             2
   -0.32432432432432    0.10810810810811    0.00000000000000             2
   -0.29729729729730    0.10810810810811    0.00000000000000             2
   -0.27027027027027    0.10810810810811    0.00000000000000             2
   -0.24324324324324    0.10810810810811    0.00000000000000             2
   -0.21621621621622    0.10810810810811    0.00000000000000             2
   -0.18918918918919    0.10810810810811    0.00000000000000             2
   -0.16216216216216    0.10810810810811    0.00000000000000             2
   -0.13513513513514    0.10810810810811    0.00000000000000             2
   -0.10810810810811    0.10810810810811    0.00000000000000             2
   -0.08108108108108    0.10810810810811    0.00000000000000             2
   -0.05405405405405    0.10810810810811    0.00000000000000             2
   -0.02702702702703    0.10810810810811    0.00000000000000             2
    0.00000000000000    0.13513513513514    0.00000000000000             2
    0.02702702702703    0.13513513513514    0.00000000000000             2
    0.05405405405405    0.13513513513514    0.00000000000000             2
    0.08108108108108    0.13513513513514    0.00000000000000             2
    0.10810810810811    0.13513513513514    0.00000000000000             2
    0.13513513513514    0.13513513513514    0.00000000000000             2
    0.16216216216216    0.13513513513514    0.00000000000000             2
    0.18918918918919    0.13513513513514    0.00000000000000             2
    0.21621621621622    0.13513513513514    0.00000000000000             2
    0.24324324324324    0.13513513513514    0.00000000000000             2
    0.27027027027027    0.13513513513514    0.00000000000000             2
    0.29729729729730    0.13513513513514    0.00000000000000             2
    0.32432432432432    0.13513513513514    0.00000000000000             2
    0.35135135135135    0.13513513513514    0.00000000000000             2
    0.37837837837838    0.13513513513514    0.00000000000000             2
    0.40540540540541    0.13513513513514    0.00000000000000             2
    0.43243243243243    0.13513513513514    0.00000000000000             2
    0.45945945945946    0.13513513513514    0.00000000000000             2
    0.48648648648649    0.13513513513514    0.00000000000000             2
   -0.48648648648649    0.13513513513513    0.00000000000000             2
   -0.45945945945946    0.13513513513514    0.00000000000000             2
   -0.43243243243243    0.13513513513514    0.00000000000000             2
   -0.40540540540541    0.13513513513514    0.00000000000000             2
   -0.37837837837838    0.13513513513514    0.00000000000000             2
   -0.35135135135135    0.13513513513514    0.00000000000000             2
   -0.32432432432432    0.13513513513514    0.00000000000000             2
   -0.29729729729730    0.13513513513514    0.00000000000000             2
   -0.27027027027027    0.13513513513514    0.00000000000000             2
   -0.24324324324324    0.13513513513514    0.00000000000000             2
   -0.21621621621622    0.13513513513514    0.00000000000000             2
   -0.18918918918919    0.13513513513514    0.00000000000000             2
   -0.16216216216216    0.13513513513514    0.00000000000000             2
   -0.13513513513514    0.13513513513514    0.00000000000000             2
   -0.10810810810811    0.13513513513514    0.00000000000000             2
   -0.08108108108108    0.13513513513514    0.00000000000000             2
   -0.05405405405405    0.13513513513514    0.00000000000000             2
   -0.02702702702703    0.13513513513514    0.00000000000000             2
    0.00000000000000    0.16216216216216    0.00000000000000             2
    0.02702702702703    0.16216216216216    0.00000000000000             2
    0.05405405405405    0.16216216216216    0.00000000000000             2
    0.08108108108108    0.16216216216216    0.00000000000000             2
    0.10810810810811    0.16216216216216    0.00000000000000             2
    0.13513513513514    0.16216216216216    0.00000000000000             2
    0.16216216216216    0.16216216216216    0.00000000000000             2
    0.18918918918919    0.16216216216216    0.00000000000000             2
    0.21621621621622    0.16216216216216    0.00000000000000             2
    0.24324324324324    0.16216216216216    0.00000000000000             2
    0.27027027027027    0.16216216216216    0.00000000000000             2
    0.29729729729730    0.16216216216216    0.00000000000000             2
    0.32432432432432    0.16216216216216    0.00000000000000             2
    0.35135135135135    0.16216216216216    0.00000000000000             2
    0.37837837837838    0.16216216216216    0.00000000000000             2
    0.40540540540541    0.16216216216216    0.00000000000000             2
    0.43243243243243    0.16216216216216    0.00000000000000             2
    0.45945945945946    0.16216216216216    0.00000000000000             2
    0.48648648648649    0.16216216216216    0.00000000000000             2
   -0.48648648648649    0.16216216216216    0.00000000000000             2
   -0.45945945945946    0.16216216216216    0.00000000000000             2
   -0.43243243243243    0.16216216216216    0.00000000000000             2
   -0.40540540540541    0.16216216216216    0.00000000000000             2
   -0.37837837837838    0.16216216216216    0.00000000000000             2
   -0.35135135135135    0.16216216216216    0.00000000000000             2
   -0.32432432432432    0.16216216216216    0.00000000000000             2
   -0.29729729729730    0.16216216216216    0.00000000000000             2
   -0.27027027027027    0.16216216216216    0.00000000000000             2
   -0.24324324324324    0.16216216216216    0.00000000000000             2
   -0.21621621621622    0.16216216216216    0.00000000000000             2
   -0.18918918918919    0.16216216216216    0.00000000000000             2
   -0.16216216216216    0.16216216216216    0.00000000000000             2
   -0.13513513513514    0.16216216216216    0.00000000000000             2
   -0.10810810810811    0.16216216216216    0.00000000000000             2
   -0.08108108108108    0.16216216216216    0.00000000000000             2
   -0.05405405405405    0.16216216216216    0.00000000000000             2
   -0.02702702702703    0.16216216216216    0.00000000000000             2
    0.00000000000000    0.18918918918919    0.00000000000000             2
    0.02702702702703    0.18918918918919    0.00000000000000             2
    0.05405405405405    0.18918918918919    0.00000000000000             2
    0.08108108108108    0.18918918918919    0.00000000000000             2
    0.10810810810811    0.18918918918919    0.00000000000000             2
    0.13513513513514    0.18918918918919    0.00000000000000             2
    0.16216216216216    0.18918918918919    0.00000000000000             2
    0.18918918918919    0.18918918918919    0.00000000000000             2
    0.21621621621622    0.18918918918919    0.00000000000000             2
    0.24324324324324    0.18918918918919    0.00000000000000             2
    0.27027027027027    0.18918918918919    0.00000000000000             2
    0.29729729729730    0.18918918918919    0.00000000000000             2
    0.32432432432432    0.18918918918919    0.00000000000000             2
    0.35135135135135    0.18918918918919    0.00000000000000             2
    0.37837837837838    0.18918918918919    0.00000000000000             2
    0.40540540540541    0.18918918918919    0.00000000000000             2
    0.43243243243243    0.18918918918919    0.00000000000000             2
    0.45945945945946    0.18918918918919    0.00000000000000             2
    0.48648648648649    0.18918918918919    0.00000000000000             2
   -0.48648648648649    0.18918918918919    0.00000000000000             2
   -0.45945945945946    0.18918918918919    0.00000000000000             2
   -0.43243243243243    0.18918918918919    0.00000000000000             2
   -0.40540540540541    0.18918918918919    0.00000000000000             2
   -0.37837837837838    0.18918918918919    0.00000000000000             2
   -0.35135135135135    0.18918918918919    0.00000000000000             2
   -0.32432432432432    0.18918918918919    0.00000000000000             2
   -0.29729729729730    0.18918918918919    0.00000000000000             2
   -0.27027027027027    0.18918918918919    0.00000000000000             2
   -0.24324324324324    0.18918918918919    0.00000000000000             2
   -0.21621621621622    0.18918918918919    0.00000000000000             2
   -0.18918918918919    0.18918918918919    0.00000000000000             2
   -0.16216216216216    0.18918918918919    0.00000000000000             2
   -0.13513513513514    0.18918918918919    0.00000000000000             2
   -0.10810810810811    0.18918918918919    0.00000000000000             2
   -0.08108108108108    0.18918918918919    0.00000000000000             2
   -0.05405405405405    0.18918918918919    0.00000000000000             2
   -0.02702702702703    0.18918918918919    0.00000000000000             2
    0.00000000000000    0.21621621621622    0.00000000000000             2
    0.02702702702703    0.21621621621622    0.00000000000000             2
    0.05405405405405    0.21621621621622    0.00000000000000             2
    0.08108108108108    0.21621621621622    0.00000000000000             2
    0.10810810810811    0.21621621621622    0.00000000000000             2
    0.13513513513514    0.21621621621622    0.00000000000000             2
    0.16216216216216    0.21621621621622    0.00000000000000             2
    0.18918918918919    0.21621621621622    0.00000000000000             2
    0.21621621621622    0.21621621621622    0.00000000000000             2
    0.24324324324324    0.21621621621622    0.00000000000000             2
    0.27027027027027    0.21621621621622    0.00000000000000             2
    0.29729729729730    0.21621621621622    0.00000000000000             2
    0.32432432432432    0.21621621621622    0.00000000000000             2
    0.35135135135135    0.21621621621622    0.00000000000000             2
    0.37837837837838    0.21621621621622    0.00000000000000             2
    0.40540540540541    0.21621621621622    0.00000000000000             2
    0.43243243243243    0.21621621621622    0.00000000000000             2
    0.45945945945946    0.21621621621622    0.00000000000000             2
    0.48648648648649    0.21621621621622    0.00000000000000             2
   -0.48648648648649    0.21621621621622    0.00000000000000             2
   -0.45945945945946    0.21621621621622    0.00000000000000             2
   -0.43243243243243    0.21621621621622    0.00000000000000             2
   -0.40540540540541    0.21621621621622    0.00000000000000             2
   -0.37837837837838    0.21621621621622    0.00000000000000             2
   -0.35135135135135    0.21621621621622    0.00000000000000             2
   -0.32432432432432    0.21621621621622    0.00000000000000             2
   -0.29729729729730    0.21621621621622    0.00000000000000             2
   -0.27027027027027    0.21621621621622    0.00000000000000             2
   -0.24324324324324    0.21621621621622    0.00000000000000             2
   -0.21621621621622    0.21621621621622    0.00000000000000             2
   -0.18918918918919    0.21621621621622    0.00000000000000             2
   -0.16216216216216    0.21621621621622    0.00000000000000             2
   -0.13513513513514    0.21621621621622    0.00000000000000             2
   -0.10810810810811    0.21621621621622    0.00000000000000             2
   -0.08108108108108    0.21621621621622    0.00000000000000             2
   -0.05405405405405    0.21621621621622    0.00000000000000             2
   -0.02702702702703    0.21621621621622    0.00000000000000             2
    0.00000000000000    0.24324324324324    0.00000000000000             2
    0.02702702702703    0.24324324324324    0.00000000000000             2
    0.05405405405405    0.24324324324324    0.00000000000000             2
    0.08108108108108    0.24324324324324    0.00000000000000             2
    0.10810810810811    0.24324324324324    0.00000000000000             2
    0.13513513513514    0.24324324324324    0.00000000000000             2
    0.16216216216216    0.24324324324324    0.00000000000000             2
    0.18918918918919    0.24324324324324    0.00000000000000             2
    0.21621621621622    0.24324324324324    0.00000000000000             2
    0.24324324324324    0.24324324324324    0.00000000000000             2
    0.27027027027027    0.24324324324324    0.00000000000000             2
    0.29729729729730    0.24324324324324    0.00000000000000             2
    0.32432432432432    0.24324324324324    0.00000000000000             2
    0.35135135135135    0.24324324324324    0.00000000000000             2
    0.37837837837838    0.24324324324324    0.00000000000000             2
    0.40540540540541    0.24324324324324    0.00000000000000             2
    0.43243243243243    0.24324324324324    0.00000000000000             2
    0.45945945945946    0.24324324324324    0.00000000000000             2
    0.48648648648649    0.24324324324324    0.00000000000000             2
   -0.48648648648649    0.24324324324324    0.00000000000000             2
   -0.45945945945946    0.24324324324324    0.00000000000000             2
   -0.43243243243243    0.24324324324324    0.00000000000000             2
   -0.40540540540541    0.24324324324324    0.00000000000000             2
   -0.37837837837838    0.24324324324324    0.00000000000000             2
   -0.35135135135135    0.24324324324324    0.00000000000000             2
   -0.32432432432432    0.24324324324324    0.00000000000000             2
   -0.29729729729730    0.24324324324324    0.00000000000000             2
   -0.27027027027027    0.24324324324324    0.00000000000000             2
   -0.24324324324324    0.24324324324324    0.00000000000000             2
   -0.21621621621622    0.24324324324324    0.00000000000000             2
   -0.18918918918919    0.24324324324324    0.00000000000000             2
   -0.16216216216216    0.24324324324324    0.00000000000000             2
   -0.13513513513514    0.24324324324324    0.00000000000000             2
   -0.10810810810811    0.24324324324324    0.00000000000000             2
   -0.08108108108108    0.24324324324324    0.00000000000000             2
   -0.05405405405405    0.24324324324324    0.00000000000000             2
   -0.02702702702703    0.24324324324324    0.00000000000000             2
    0.00000000000000    0.27027027027027    0.00000000000000             2
    0.02702702702703    0.27027027027027    0.00000000000000             2
    0.05405405405405    0.27027027027027    0.00000000000000             2
    0.08108108108108    0.27027027027027    0.00000000000000             2
    0.10810810810811    0.27027027027027    0.00000000000000             2
    0.13513513513514    0.27027027027027    0.00000000000000             2
    0.16216216216216    0.27027027027027    0.00000000000000             2
    0.18918918918919    0.27027027027027    0.00000000000000             2
    0.21621621621622    0.27027027027027    0.00000000000000             2
    0.24324324324324    0.27027027027027    0.00000000000000             2
    0.27027027027027    0.27027027027027    0.00000000000000             2
    0.29729729729730    0.27027027027027    0.00000000000000             2
    0.32432432432432    0.27027027027027    0.00000000000000             2
    0.35135135135135    0.27027027027027    0.00000000000000             2
    0.37837837837838    0.27027027027027    0.00000000000000             2
    0.40540540540541    0.27027027027027    0.00000000000000             2
    0.43243243243243    0.27027027027027    0.00000000000000             2
    0.45945945945946    0.27027027027027    0.00000000000000             2
    0.48648648648649    0.27027027027027    0.00000000000000             2
   -0.48648648648649    0.27027027027027    0.00000000000000             2
   -0.45945945945946    0.27027027027027    0.00000000000000             2
   -0.43243243243243    0.27027027027027    0.00000000000000             2
   -0.40540540540541    0.27027027027027    0.00000000000000             2
   -0.37837837837838    0.27027027027027    0.00000000000000             2
   -0.35135135135135    0.27027027027027    0.00000000000000             2
   -0.32432432432432    0.27027027027027    0.00000000000000             2
   -0.29729729729730    0.27027027027027    0.00000000000000             2
   -0.27027027027027    0.27027027027027    0.00000000000000             2
   -0.24324324324324    0.27027027027027    0.00000000000000             2
   -0.21621621621622    0.27027027027027    0.00000000000000             2
   -0.18918918918919    0.27027027027027    0.00000000000000             2
   -0.16216216216216    0.27027027027027    0.00000000000000             2
   -0.13513513513514    0.27027027027027    0.00000000000000             2
   -0.10810810810811    0.27027027027027    0.00000000000000             2
   -0.08108108108108    0.27027027027027    0.00000000000000             2
   -0.05405405405405    0.27027027027027    0.00000000000000             2
   -0.02702702702703    0.27027027027027    0.00000000000000             2
    0.00000000000000    0.29729729729730    0.00000000000000             2
    0.02702702702703    0.29729729729730    0.00000000000000             2
    0.05405405405405    0.29729729729730    0.00000000000000             2
    0.08108108108108    0.29729729729730    0.00000000000000             2
    0.10810810810811    0.29729729729730    0.00000000000000             2
    0.13513513513514    0.29729729729730    0.00000000000000             2
    0.16216216216216    0.29729729729730    0.00000000000000             2
    0.18918918918919    0.29729729729730    0.00000000000000             2
    0.21621621621622    0.29729729729730    0.00000000000000             2
    0.24324324324324    0.29729729729730    0.00000000000000             2
    0.27027027027027    0.29729729729730    0.00000000000000             2
    0.29729729729730    0.29729729729730    0.00000000000000             2
    0.32432432432432    0.29729729729730    0.00000000000000             2
    0.35135135135135    0.29729729729730    0.00000000000000             2
    0.37837837837838    0.29729729729730    0.00000000000000             2
    0.40540540540541    0.29729729729730    0.00000000000000             2
    0.43243243243243    0.29729729729730    0.00000000000000             2
    0.45945945945946    0.29729729729730    0.00000000000000             2
    0.48648648648649    0.29729729729730    0.00000000000000             2
   -0.48648648648649    0.29729729729730    0.00000000000000             2
   -0.45945945945946    0.29729729729730    0.00000000000000             2
   -0.43243243243243    0.29729729729730    0.00000000000000             2
   -0.40540540540541    0.29729729729730    0.00000000000000             2
   -0.37837837837838    0.29729729729730    0.00000000000000             2
   -0.35135135135135    0.29729729729730    0.00000000000000             2
   -0.32432432432432    0.29729729729730    0.00000000000000             2
   -0.29729729729730    0.29729729729730    0.00000000000000             2
   -0.27027027027027    0.29729729729730    0.00000000000000             2
   -0.24324324324324    0.29729729729730    0.00000000000000             2
   -0.21621621621622    0.29729729729730    0.00000000000000             2
   -0.18918918918919    0.29729729729730    0.00000000000000             2
   -0.16216216216216    0.29729729729730    0.00000000000000             2
   -0.13513513513514    0.29729729729730    0.00000000000000             2
   -0.10810810810811    0.29729729729730    0.00000000000000             2
   -0.08108108108108    0.29729729729730    0.00000000000000             2
   -0.05405405405405    0.29729729729730    0.00000000000000             2
   -0.02702702702703    0.29729729729730    0.00000000000000             2
    0.00000000000000    0.32432432432432    0.00000000000000             2
    0.02702702702703    0.32432432432432    0.00000000000000             2
    0.05405405405405    0.32432432432432    0.00000000000000             2
    0.08108108108108    0.32432432432432    0.00000000000000             2
    0.10810810810811    0.32432432432432    0.00000000000000             2
    0.13513513513514    0.32432432432432    0.00000000000000             2
    0.16216216216216    0.32432432432432    0.00000000000000             2
    0.18918918918919    0.32432432432432    0.00000000000000             2
    0.21621621621622    0.32432432432432    0.00000000000000             2
    0.24324324324324    0.32432432432432    0.00000000000000             2
    0.27027027027027    0.32432432432432    0.00000000000000             2
    0.29729729729730    0.32432432432432    0.00000000000000             2
    0.32432432432432    0.32432432432432    0.00000000000000             2
    0.35135135135135    0.32432432432432    0.00000000000000             2
    0.37837837837838    0.32432432432432    0.00000000000000             2
    0.40540540540541    0.32432432432432    0.00000000000000             2
    0.43243243243243    0.32432432432432    0.00000000000000             2
    0.45945945945946    0.32432432432432    0.00000000000000             2
    0.48648648648649    0.32432432432432    0.00000000000000             2
   -0.48648648648649    0.32432432432432    0.00000000000000             2
   -0.45945945945946    0.32432432432432    0.00000000000000             2
   -0.43243243243243    0.32432432432432    0.00000000000000             2
   -0.40540540540541    0.32432432432432    0.00000000000000             2
   -0.37837837837838    0.32432432432432    0.00000000000000             2
   -0.35135135135135    0.32432432432432    0.00000000000000             2
   -0.32432432432432    0.32432432432432    0.00000000000000             2
   -0.29729729729730    0.32432432432432    0.00000000000000             2
   -0.27027027027027    0.32432432432432    0.00000000000000             2
   -0.24324324324324    0.32432432432432    0.00000000000000             2
   -0.21621621621622    0.32432432432432    0.00000000000000             2
   -0.18918918918919    0.32432432432432    0.00000000000000             2
   -0.16216216216216    0.32432432432432    0.00000000000000             2
   -0.13513513513514    0.32432432432432    0.00000000000000             2
   -0.10810810810811    0.32432432432432    0.00000000000000             2
   -0.08108108108108    0.32432432432432    0.00000000000000             2
   -0.05405405405405    0.32432432432432    0.00000000000000             2
   -0.02702702702703    0.32432432432432    0.00000000000000             2
    0.00000000000000    0.35135135135135    0.00000000000000             2
    0.02702702702703    0.35135135135135    0.00000000000000             2
    0.05405405405405    0.35135135135135    0.00000000000000             2
    0.08108108108108    0.35135135135135    0.00000000000000             2
    0.10810810810811    0.35135135135135    0.00000000000000             2
    0.13513513513514    0.35135135135135    0.00000000000000             2
    0.16216216216216    0.35135135135135    0.00000000000000             2
    0.18918918918919    0.35135135135135    0.00000000000000             2
    0.21621621621622    0.35135135135135    0.00000000000000             2
    0.24324324324324    0.35135135135135    0.00000000000000             2
    0.27027027027027    0.35135135135135    0.00000000000000             2
    0.29729729729730    0.35135135135135    0.00000000000000             2
    0.32432432432432    0.35135135135135    0.00000000000000             2
    0.35135135135135    0.35135135135135    0.00000000000000             2
    0.37837837837838    0.35135135135135    0.00000000000000             2
    0.40540540540541    0.35135135135135    0.00000000000000             2
    0.43243243243243    0.35135135135135    0.00000000000000             2
    0.45945945945946    0.35135135135135    0.00000000000000             2
    0.48648648648649    0.35135135135135    0.00000000000000             2
   -0.48648648648649    0.35135135135135    0.00000000000000             2
   -0.45945945945946    0.35135135135135    0.00000000000000             2
   -0.43243243243243    0.35135135135135    0.00000000000000             2
   -0.40540540540541    0.35135135135135    0.00000000000000             2
   -0.37837837837838    0.35135135135135    0.00000000000000             2
   -0.35135135135135    0.35135135135135    0.00000000000000             2
   -0.32432432432432    0.35135135135135    0.00000000000000             2
   -0.29729729729730    0.35135135135135    0.00000000000000             2
   -0.27027027027027    0.35135135135135    0.00000000000000             2
   -0.24324324324324    0.35135135135135    0.00000000000000             2
   -0.21621621621622    0.35135135135135    0.00000000000000             2
   -0.18918918918919    0.35135135135135    0.00000000000000             2
   -0.16216216216216    0.35135135135135    0.00000000000000             2
   -0.13513513513514    0.35135135135135    0.00000000000000             2
   -0.10810810810811    0.35135135135135    0.00000000000000             2
   -0.08108108108108    0.35135135135135    0.00000000000000             2
   -0.05405405405405    0.35135135135135    0.00000000000000             2
   -0.02702702702703    0.35135135135135    0.00000000000000             2
    0.00000000000000    0.37837837837838    0.00000000000000             2
    0.02702702702703    0.37837837837838    0.00000000000000             2
    0.05405405405405    0.37837837837838    0.00000000000000             2
    0.08108108108108    0.37837837837838    0.00000000000000             2
    0.10810810810811    0.37837837837838    0.00000000000000             2
    0.13513513513514    0.37837837837838    0.00000000000000             2
    0.16216216216216    0.37837837837838    0.00000000000000             2
    0.18918918918919    0.37837837837838    0.00000000000000             2
    0.21621621621622    0.37837837837838    0.00000000000000             2
    0.24324324324324    0.37837837837838    0.00000000000000             2
    0.27027027027027    0.37837837837838    0.00000000000000             2
    0.29729729729730    0.37837837837838    0.00000000000000             2
    0.32432432432432    0.37837837837838    0.00000000000000             2
    0.35135135135135    0.37837837837838    0.00000000000000             2
    0.37837837837838    0.37837837837838    0.00000000000000             2
    0.40540540540541    0.37837837837838    0.00000000000000             2
    0.43243243243243    0.37837837837838    0.00000000000000             2
    0.45945945945946    0.37837837837838    0.00000000000000             2
    0.48648648648649    0.37837837837838    0.00000000000000             2
   -0.48648648648649    0.37837837837838    0.00000000000000             2
   -0.45945945945946    0.37837837837838    0.00000000000000             2
   -0.43243243243243    0.37837837837838    0.00000000000000             2
   -0.40540540540541    0.37837837837838    0.00000000000000             2
   -0.37837837837838    0.37837837837838    0.00000000000000             2
   -0.35135135135135    0.37837837837838    0.00000000000000             2
   -0.32432432432432    0.37837837837838    0.00000000000000             2
   -0.29729729729730    0.37837837837838    0.00000000000000             2
   -0.27027027027027    0.37837837837838    0.00000000000000             2
   -0.24324324324324    0.37837837837838    0.00000000000000             2
   -0.21621621621622    0.37837837837838    0.00000000000000             2
   -0.18918918918919    0.37837837837838    0.00000000000000             2
   -0.16216216216216    0.37837837837838    0.00000000000000             2
   -0.13513513513514    0.37837837837838    0.00000000000000             2
   -0.10810810810811    0.37837837837838    0.00000000000000             2
   -0.08108108108108    0.37837837837838    0.00000000000000             2
   -0.05405405405405    0.37837837837838    0.00000000000000             2
   -0.02702702702703    0.37837837837838    0.00000000000000             2
    0.00000000000000    0.40540540540541    0.00000000000000             2
    0.02702702702703    0.40540540540541    0.00000000000000             2
    0.05405405405405    0.40540540540541    0.00000000000000             2
    0.08108108108108    0.40540540540541    0.00000000000000             2
    0.10810810810811    0.40540540540541    0.00000000000000             2
    0.13513513513514    0.40540540540541    0.00000000000000             2
    0.16216216216216    0.40540540540541    0.00000000000000             2
    0.18918918918919    0.40540540540541    0.00000000000000             2
    0.21621621621622    0.40540540540541    0.00000000000000             2
    0.24324324324324    0.40540540540541    0.00000000000000             2
    0.27027027027027    0.40540540540541    0.00000000000000             2
    0.29729729729730    0.40540540540541    0.00000000000000             2
    0.32432432432432    0.40540540540541    0.00000000000000             2
    0.35135135135135    0.40540540540541    0.00000000000000             2
    0.37837837837838    0.40540540540541    0.00000000000000             2
    0.40540540540541    0.40540540540541    0.00000000000000             2
    0.43243243243243    0.40540540540541    0.00000000000000             2
    0.45945945945946    0.40540540540541    0.00000000000000             2
    0.48648648648649    0.40540540540541    0.00000000000000             2
   -0.48648648648649    0.40540540540541    0.00000000000000             2
   -0.45945945945946    0.40540540540541    0.00000000000000             2
   -0.43243243243243    0.40540540540541    0.00000000000000             2
   -0.40540540540541    0.40540540540541    0.00000000000000             2
   -0.37837837837838    0.40540540540541    0.00000000000000             2
   -0.35135135135135    0.40540540540541    0.00000000000000             2
   -0.32432432432432    0.40540540540541    0.00000000000000             2
   -0.29729729729730    0.40540540540541    0.00000000000000             2
   -0.27027027027027    0.40540540540541    0.00000000000000             2
   -0.24324324324324    0.40540540540541    0.00000000000000             2
   -0.21621621621622    0.40540540540541    0.00000000000000             2
   -0.18918918918919    0.40540540540541    0.00000000000000             2
   -0.16216216216216    0.40540540540541    0.00000000000000             2
   -0.13513513513514    0.40540540540541    0.00000000000000             2
   -0.10810810810811    0.40540540540541    0.00000000000000             2
   -0.08108108108108    0.40540540540541    0.00000000000000             2
   -0.05405405405405    0.40540540540541    0.00000000000000             2
   -0.02702702702703    0.40540540540541    0.00000000000000             2
    0.00000000000000    0.43243243243243    0.00000000000000             2
    0.02702702702703    0.43243243243243    0.00000000000000             2
    0.05405405405405    0.43243243243243    0.00000000000000             2
    0.08108108108108    0.43243243243243    0.00000000000000             2
    0.10810810810811    0.43243243243243    0.00000000000000             2
    0.13513513513514    0.43243243243243    0.00000000000000             2
    0.16216216216216    0.43243243243243    0.00000000000000             2
    0.18918918918919    0.43243243243243    0.00000000000000             2
    0.21621621621622    0.43243243243243    0.00000000000000             2
    0.24324324324324    0.43243243243243    0.00000000000000             2
    0.27027027027027    0.43243243243243    0.00000000000000             2
    0.29729729729730    0.43243243243243    0.00000000000000             2
    0.32432432432432    0.43243243243243    0.00000000000000             2
    0.35135135135135    0.43243243243243    0.00000000000000             2
    0.37837837837838    0.43243243243243    0.00000000000000             2
    0.40540540540541    0.43243243243243    0.00000000000000             2
    0.43243243243243    0.43243243243243    0.00000000000000             2
    0.45945945945946    0.43243243243243    0.00000000000000             2
    0.48648648648649    0.43243243243243    0.00000000000000             2
   -0.48648648648649    0.43243243243243    0.00000000000000             2
   -0.45945945945946    0.43243243243243    0.00000000000000             2
   -0.43243243243243    0.43243243243243    0.00000000000000             2
   -0.40540540540541    0.43243243243243    0.00000000000000             2
   -0.37837837837838    0.43243243243243    0.00000000000000             2
   -0.35135135135135    0.43243243243243    0.00000000000000             2
   -0.32432432432432    0.43243243243243    0.00000000000000             2
   -0.29729729729730    0.43243243243243    0.00000000000000             2
   -0.27027027027027    0.43243243243243    0.00000000000000             2
   -0.24324324324324    0.43243243243243    0.00000000000000             2
   -0.21621621621622    0.43243243243243    0.00000000000000             2
   -0.18918918918919    0.43243243243243    0.00000000000000             2
   -0.16216216216216    0.43243243243243    0.00000000000000             2
   -0.13513513513514    0.43243243243243    0.00000000000000             2
   -0.10810810810811    0.43243243243243    0.00000000000000             2
   -0.08108108108108    0.43243243243243    0.00000000000000             2
   -0.05405405405405    0.43243243243243    0.00000000000000             2
   -0.02702702702703    0.43243243243243    0.00000000000000             2
    0.00000000000000    0.45945945945946    0.00000000000000             2
    0.02702702702703    0.45945945945946    0.00000000000000             2
    0.05405405405405    0.45945945945946    0.00000000000000             2
    0.08108108108108    0.45945945945946    0.00000000000000             2
    0.10810810810811    0.45945945945946    0.00000000000000             2
    0.13513513513514    0.45945945945946    0.00000000000000             2
    0.16216216216216    0.45945945945946    0.00000000000000             2
    0.18918918918919    0.45945945945946    0.00000000000000             2
    0.21621621621622    0.45945945945946    0.00000000000000             2
    0.24324324324324    0.45945945945946    0.00000000000000             2
    0.27027027027027    0.45945945945946    0.00000000000000             2
    0.29729729729730    0.45945945945946    0.00000000000000             2
    0.32432432432432    0.45945945945946    0.00000000000000             2
    0.35135135135135    0.45945945945946    0.00000000000000             2
    0.37837837837838    0.45945945945946    0.00000000000000             2
    0.40540540540541    0.45945945945946    0.00000000000000             2
    0.43243243243243    0.45945945945946    0.00000000000000             2
    0.45945945945946    0.45945945945946    0.00000000000000             2
    0.48648648648649    0.45945945945946    0.00000000000000             2
   -0.48648648648649    0.45945945945946    0.00000000000000             2
   -0.45945945945946    0.45945945945946    0.00000000000000             2
   -0.43243243243243    0.45945945945946    0.00000000000000             2
   -0.40540540540541    0.45945945945946    0.00000000000000             2
   -0.37837837837838    0.45945945945946    0.00000000000000             2
   -0.35135135135135    0.45945945945946    0.00000000000000             2
   -0.32432432432432    0.45945945945946    0.00000000000000             2
   -0.29729729729730    0.45945945945946    0.00000000000000             2
   -0.27027027027027    0.45945945945946    0.00000000000000             2
   -0.24324324324324    0.45945945945946    0.00000000000000             2
   -0.21621621621622    0.45945945945946    0.00000000000000             2
   -0.18918918918919    0.45945945945946    0.00000000000000             2
   -0.16216216216216    0.45945945945946    0.00000000000000             2
   -0.13513513513514    0.45945945945946    0.00000000000000             2
   -0.10810810810811    0.45945945945946    0.00000000000000             2
   -0.08108108108108    0.45945945945946    0.00000000000000             2
   -0.05405405405405    0.45945945945946    0.00000000000000             2
   -0.02702702702703    0.45945945945946    0.00000000000000             2
    0.00000000000000    0.48648648648649    0.00000000000000             2
    0.02702702702703    0.48648648648649    0.00000000000000             2
    0.05405405405405    0.48648648648649    0.00000000000000             2
    0.08108108108108    0.48648648648649    0.00000000000000             2
    0.10810810810811    0.48648648648649    0.00000000000000             2
    0.13513513513514    0.48648648648649    0.00000000000000             2
    0.16216216216216    0.48648648648649    0.00000000000000             2
    0.18918918918919    0.48648648648649    0.00000000000000             2
    0.21621621621622    0.48648648648649    0.00000000000000             2
    0.24324324324324    0.48648648648649    0.00000000000000             2
    0.27027027027027    0.48648648648649    0.00000000000000             2
    0.29729729729730    0.48648648648649    0.00000000000000             2
    0.32432432432432    0.48648648648649    0.00000000000000             2
    0.35135135135135    0.48648648648649    0.00000000000000             2
    0.37837837837838    0.48648648648649    0.00000000000000             2
    0.40540540540541    0.48648648648649    0.00000000000000             2
    0.43243243243243    0.48648648648649    0.00000000000000             2
    0.45945945945946    0.48648648648649    0.00000000000000             2
    0.48648648648649    0.48648648648649    0.00000000000000             2
   -0.48648648648649    0.48648648648649    0.00000000000000             2
   -0.45945945945946    0.48648648648649    0.00000000000000             2
   -0.43243243243243    0.48648648648649    0.00000000000000             2
   -0.40540540540541    0.48648648648649    0.00000000000000             2
   -0.37837837837838    0.48648648648649    0.00000000000000             2
   -0.35135135135135    0.48648648648649    0.00000000000000             2
   -0.32432432432432    0.48648648648649    0.00000000000000             2
   -0.29729729729730    0.48648648648649    0.00000000000000             2
   -0.27027027027027    0.48648648648649    0.00000000000000             2
   -0.24324324324324    0.48648648648649    0.00000000000000             2
   -0.21621621621622    0.48648648648649    0.00000000000000             2
   -0.18918918918919    0.48648648648649    0.00000000000000             2
   -0.16216216216216    0.48648648648649    0.00000000000000             2
   -0.13513513513513    0.48648648648649    0.00000000000000             2
   -0.10810810810811    0.48648648648649    0.00000000000000             2
   -0.08108108108108    0.48648648648649    0.00000000000000             2
   -0.05405405405405    0.48648648648649    0.00000000000000             2
   -0.02702702702703    0.48648648648649    0.00000000000000             2
