Automatically generated mesh
    1301
Reciprocal lattice
    0.00000000000000    0.00000000000000    0.00000000000000             1
    0.01960784313726   -0.00000000000000    0.00000000000000             2
   -0.00000000000000    0.01960784313726    0.00000000000000             2
   -0.01960784313726    0.01960784313726    0.00000000000000             2
    0.03921568627451   -0.00000000000000    0.00000000000000             2
   -0.00000000000000    0.03921568627451    0.00000000000000             2
   -0.03921568627451    0.03921568627451    0.00000000000000             2
    0.05882352941177    0.00000000000000    0.00000000000000             2
    0.00000000000000    0.05882352941177    0.00000000000000             2
   -0.05882352941177    0.05882352941177    0.00000000000000             2
    0.07843137254902   -0.00000000000000    0.00000000000000             2
   -0.00000000000000    0.07843137254902    0.00000000000000             2
   -0.07843137254902    0.07843137254902    0.00000000000000             2
    0.09803921568628    0.00000000000000    0.00000000000000             2
    0.00000000000000    0.09803921568628    0.00000000000000             2
   -0.09803921568628    0.09803921568628    0.00000000000000             2
    0.11764705882353    0.00000000000000    0.00000000000000             2
    0.00000000000000    0.11764705882353    0.00000000000000             2
   -0.11764705882353    0.11764705882353    0.00000000000000             2
    0.13725490196079    0.00000000000000    0.00000000000000             2
    0.00000000000000    0.13725490196079    0.00000000000000             2
   -0.13725490196079    0.13725490196079    0.00000000000000             2
    0.15686274509804   -0.00000000000000    0.00000000000000             2
   -0.00000000000000    0.15686274509804    0.00000000000000             2
   -0.15686274509804    0.15686274509804    0.00000000000000             2
    0.17647058823530    0.00000000000000    0.00000000000000             2
    0.00000000000000    0.17647058823530    0.00000000000000             2
   -0.17647058823530    0.17647058823530    0.00000000000000             2
    0.19607843137255    0.00000000000000    0.00000000000000             2
    0.00000000000000    0.19607843137255    0.00000000000000             2
   -0.19607843137255    0.19607843137255    0.00000000000000             2
    0.21568627450981    0.00000000000000    0.00000000000000             2
    0.00000000000000    0.21568627450981    0.00000000000000             2
   -0.21568627450981    0.21568627450981    0.00000000000000             2
    0.23529411764706    0.00000000000000    0.00000000000000             2
    0.00000000000000    0.23529411764706    0.00000000000000             2
   -0.23529411764706    0.23529411764706    0.00000000000000             2
    0.25490196078432    0.00000000000000    0.00000000000000             2
    0.00000000000000    0.25490196078432    0.00000000000000             2
   -0.25490196078432    0.25490196078432    0.00000000000000             2
    0.27450980392157    0.00000000000000    0.00000000000000             2
    0.00000000000000    0.27450980392157    0.00000000000000             2
   -0.27450980392157    0.27450980392157    0.00000000000000             2
    0.29411764705883    0.00000000000000    0.00000000000000             2
    0.00000000000000    0.29411764705883    0.00000000000000             2
   -0.29411764705883    0.29411764705883    0.00000000000000             2
    0.31372549019608   -0.00000000000000    0.00000000000000             2
   -0.00000000000000    0.31372549019608    0.00000000000000             2
   -0.31372549019608    0.31372549019608    0.00000000000000             2
    0.33333333333334   -0.00000000000000    0.00000000000000             2
   -0.00000000000000    0.33333333333334    0.00000000000000             2
   -0.33333333333334    0.33333333333334    0.00000000000000             2
    0.35294117647059    0.00000000000000    0.00000000000000             2
    0.00000000000000    0.35294117647059    0.00000000000000             2
   -0.35294117647059    0.35294117647059    0.00000000000000             2
    0.37254901960785   -0.00000000000000    0.00000000000000             2
   -0.00000000000000    0.37254901960785    0.00000000000000             2
   -0.37254901960785    0.37254901960785    0.00000000000000             2
    0.39215686274510    0.00000000000000    0.00000000000000             2
    0.00000000000000    0.39215686274510    0.00000000000000             2
   -0.39215686274510    0.39215686274510    0.00000000000000             2
    0.41176470588236    0.00000000000000    0.00000000000000             2
    0.00000000000000    0.41176470588236    0.00000000000000             2
   -0.41176470588236    0.41176470588235    0.00000000000000             2
    0.43137254901961    0.00000000000000    0.00000000000000             2
    0.00000000000000    0.43137254901961    0.00000000000000             2
   -0.43137254901961    0.43137254901961    0.00000000000000             2
    0.45098039215686    0.00000000000000    0.00000000000000             2
    0.00000000000000    0.45098039215686    0.00000000000000             2
   -0.45098039215686    0.45098039215686    0.00000000000000             2
    0.47058823529412    0.00000000000000    0.00000000000000             2
    0.00000000000000    0.47058823529412    0.00000000000000             2
   -0.47058823529412    0.47058823529412    0.00000000000000             2
    0.49019607843137   -0.00000000000000    0.00000000000000             2
   -0.00000000000000    0.49019607843137    0.00000000000000             2
   -0.49019607843137    0.49019607843137    0.00000000000000             2
    0.01960784313726    0.01960784313726    0.00000000000000             2
   -0.01960784313726    0.03921568627452    0.00000000000000             2
   -0.03921568627452    0.01960784313726    0.00000000000000             2
    0.03921568627451    0.01960784313726    0.00000000000000             2
   -0.01960784313726    0.05882352941177    0.00000000000000             2
   -0.05882352941177    0.03921568627451    0.00000000000000             2
   -0.03921568627451    0.05882352941177    0.00000000000000             2
    0.01960784313726    0.03921568627451    0.00000000000000             2
    0.05882352941177   -0.01960784313726    0.00000000000000             2
    0.05882352941177    0.01960784313726    0.00000000000000             2
   -0.01960784313726    0.07843137254903    0.00000000000000             2
   -0.07843137254903    0.05882352941177    0.00000000000000             2
   -0.05882352941177    0.07843137254903    0.00000000000000             2
    0.01960784313726    0.05882352941177    0.00000000000000             2
    0.07843137254903   -0.01960784313726    0.00000000000000             2
    0.07843137254902    0.01960784313726    0.00000000000000             2
   -0.01960784313726    0.09803921568628    0.00000000000000             2
   -0.09803921568628    0.07843137254902    0.00000000000000             2
   -0.07843137254902    0.09803921568628    0.00000000000000             2
    0.01960784313726    0.07843137254902    0.00000000000000             2
    0.09803921568628   -0.01960784313726    0.00000000000000             2
    0.09803921568628    0.01960784313726    0.00000000000000             2
   -0.01960784313726    0.11764705882354    0.00000000000000             2
   -0.11764705882354    0.09803921568628    0.00000000000000             2
   -0.09803921568628    0.11764705882354    0.00000000000000             2
    0.01960784313726    0.09803921568628    0.00000000000000             2
    0.11764705882354   -0.01960784313726    0.00000000000000             2
    0.11764705882353    0.01960784313726    0.00000000000000             2
   -0.01960784313726    0.13725490196079    0.00000000000000             2
   -0.13725490196079    0.11764705882353    0.00000000000000             2
   -0.11764705882353    0.13725490196079    0.00000000000000             2
    0.01960784313726    0.11764705882353    0.00000000000000             2
    0.13725490196079   -0.01960784313726    0.00000000000000             2
    0.13725490196079    0.01960784313726    0.00000000000000             2
   -0.01960784313726    0.15686274509805    0.00000000000000             2
   -0.15686274509805    0.13725490196079    0.00000000000000             2
   -0.13725490196079    0.15686274509805    0.00000000000000             2
    0.01960784313726    0.13725490196079    0.00000000000000             2
    0.15686274509805   -0.01960784313726    0.00000000000000             2
    0.15686274509804    0.01960784313726    0.00000000000000             2
   -0.01960784313726    0.17647058823530    0.00000000000000             2
   -0.17647058823530    0.15686274509804    0.00000000000000             2
   -0.15686274509804    0.17647058823530    0.00000000000000             2
    0.01960784313726    0.15686274509804    0.00000000000000             2
    0.17647058823530   -0.01960784313726    0.00000000000000             2
    0.17647058823530    0.01960784313726    0.00000000000000             2
   -0.01960784313726    0.19607843137256    0.00000000000000             2
   -0.19607843137256    0.17647058823530    0.00000000000000             2
   -0.17647058823530    0.19607843137256    0.00000000000000             2
    0.01960784313726    0.17647058823530    0.00000000000000             2
    0.19607843137256   -0.01960784313726    0.00000000000000             2
    0.19607843137255    0.01960784313726    0.00000000000000             2
   -0.01960784313726    0.21568627450981    0.00000000000000             2
   -0.21568627450981    0.19607843137255    0.00000000000000             2
   -0.19607843137255    0.21568627450981    0.00000000000000             2
    0.01960784313726    0.19607843137255    0.00000000000000             2
    0.21568627450981   -0.01960784313726    0.00000000000000             2
    0.21568627450981    0.01960784313726    0.00000000000000             2
   -0.01960784313726    0.23529411764707    0.00000000000000             2
   -0.23529411764707    0.21568627450981    0.00000000000000             2
   -0.21568627450981    0.23529411764707    0.00000000000000             2
    0.01960784313726    0.21568627450981    0.00000000000000             2
    0.23529411764707   -0.01960784313726    0.00000000000000             2
    0.23529411764706    0.01960784313726    0.00000000000000             2
   -0.01960784313726    0.25490196078432    0.00000000000000             2
   -0.25490196078432    0.23529411764706    0.00000000000000             2
   -0.23529411764706    0.25490196078432    0.00000000000000             2
    0.01960784313726    0.23529411764706    0.00000000000000             2
    0.25490196078432   -0.01960784313726    0.00000000000000             2
    0.25490196078432    0.01960784313726    0.00000000000000             2
   -0.01960784313726    0.27450980392157    0.00000000000000             2
   -0.27450980392157    0.25490196078432    0.00000000000000             2
   -0.25490196078432    0.27450980392157    0.00000000000000             2
    0.01960784313726    0.25490196078432    0.00000000000000             2
    0.27450980392157   -0.01960784313726    0.00000000000000             2
    0.27450980392157    0.01960784313726    0.00000000000000             2
   -0.01960784313726    0.29411764705883    0.00000000000000             2
   -0.29411764705883    0.27450980392157    0.00000000000000             2
   -0.27450980392157    0.29411764705883    0.00000000000000             2
    0.01960784313726    0.27450980392157    0.00000000000000             2
    0.29411764705883   -0.01960784313726    0.00000000000000             2
    0.29411764705883    0.01960784313726    0.00000000000000             2
   -0.01960784313726    0.31372549019608    0.00000000000000             2
   -0.31372549019608    0.29411764705883    0.00000000000000             2
   -0.29411764705883    0.31372549019608    0.00000000000000             2
    0.01960784313726    0.29411764705883    0.00000000000000             2
    0.31372549019608   -0.01960784313726    0.00000000000000             2
    0.31372549019608    0.01960784313726    0.00000000000000             2
   -0.01960784313726    0.33333333333334    0.00000000000000             2
   -0.33333333333334    0.31372549019608    0.00000000000000             2
   -0.31372549019608    0.33333333333334    0.00000000000000             2
    0.01960784313726    0.31372549019608    0.00000000000000             2
    0.33333333333334   -0.01960784313726    0.00000000000000             2
    0.33333333333334    0.01960784313726    0.00000000000000             2
   -0.01960784313726    0.35294117647059    0.00000000000000             2
   -0.35294117647059    0.33333333333334    0.00000000000000             2
   -0.33333333333334    0.35294117647059    0.00000000000000             2
    0.01960784313726    0.33333333333334    0.00000000000000             2
    0.35294117647059   -0.01960784313726    0.00000000000000             2
    0.35294117647059    0.01960784313726    0.00000000000000             2
   -0.01960784313726    0.37254901960785    0.00000000000000             2
   -0.37254901960785    0.35294117647059    0.00000000000000             2
   -0.35294117647059    0.37254901960785    0.00000000000000             2
    0.01960784313726    0.35294117647059    0.00000000000000             2
    0.37254901960785   -0.01960784313726    0.00000000000000             2
    0.37254901960785    0.01960784313726    0.00000000000000             2
   -0.01960784313726    0.39215686274510    0.00000000000000             2
   -0.39215686274510    0.37254901960785    0.00000000000000             2
   -0.37254901960785    0.39215686274510    0.00000000000000             2
    0.01960784313726    0.37254901960785    0.00000000000000             2
    0.39215686274510   -0.01960784313726    0.00000000000000             2
    0.39215686274510    0.01960784313726    0.00000000000000             2
   -0.01960784313726    0.41176470588236    0.00000000000000             2
   -0.41176470588236    0.39215686274510    0.00000000000000             2
   -0.39215686274510    0.41176470588236    0.00000000000000             2
    0.01960784313726    0.39215686274510    0.00000000000000             2
    0.41176470588236   -0.01960784313726    0.00000000000000             2
    0.41176470588236    0.01960784313726    0.00000000000000             2
   -0.01960784313726    0.43137254901961    0.00000000000000             2
   -0.43137254901961    0.41176470588236    0.00000000000000             2
   -0.41176470588236    0.43137254901961    0.00000000000000             2
    0.01960784313726    0.41176470588236    0.00000000000000             2
    0.43137254901961   -0.01960784313726    0.00000000000000             2
    0.43137254901961    0.01960784313726    0.00000000000000             2
   -0.01960784313726    0.45098039215686    0.00000000000000             2
   -0.45098039215686    0.43137254901961    0.00000000000000             2
   -0.43137254901961    0.45098039215686    0.00000000000000             2
    0.01960784313726    0.43137254901961    0.00000000000000             2
    0.45098039215686   -0.01960784313726    0.00000000000000             2
    0.45098039215686    0.01960784313726    0.00000000000000             2
   -0.01960784313726    0.47058823529412    0.00000000000000             2
   -0.47058823529412    0.45098039215686    0.00000000000000             2
   -0.45098039215686    0.47058823529412    0.00000000000000             2
    0.01960784313726    0.45098039215686    0.00000000000000             2
    0.47058823529412   -0.01960784313726    0.00000000000000             2
    0.47058823529412    0.01960784313726    0.00000000000000             2
   -0.01960784313726    0.49019607843137    0.00000000000000             2
   -0.49019607843137    0.47058823529412    0.00000000000000             2
   -0.47058823529412    0.49019607843137    0.00000000000000             2
    0.01960784313726    0.47058823529412    0.00000000000000             2
    0.49019607843137   -0.01960784313726    0.00000000000000             2
    0.49019607843137    0.01960784313726    0.00000000000000             2
   -0.01960784313726   -0.49019607843137    0.00000000000000             2
    0.49019607843137    0.49019607843137    0.00000000000000             2
    0.03921568627451    0.03921568627451    0.00000000000000             2
   -0.03921568627451    0.07843137254902    0.00000000000000             2
   -0.07843137254902    0.03921568627451    0.00000000000000             2
    0.05882352941177    0.03921568627451    0.00000000000000             2
   -0.03921568627451    0.09803921568628    0.00000000000000             2
   -0.09803921568628    0.05882352941177    0.00000000000000             2
   -0.05882352941177    0.09803921568628    0.00000000000000             2
    0.03921568627451    0.05882352941177    0.00000000000000             2
    0.09803921568628   -0.03921568627451    0.00000000000000             2
    0.07843137254902    0.03921568627451    0.00000000000000             2
   -0.03921568627451    0.11764705882353    0.00000000000000             2
   -0.11764705882353    0.07843137254902    0.00000000000000             2
   -0.07843137254902    0.11764705882353    0.00000000000000             2
    0.03921568627451    0.07843137254902    0.00000000000000             2
    0.11764705882353   -0.03921568627451    0.00000000000000             2
    0.09803921568628    0.03921568627451    0.00000000000000             2
   -0.03921568627451    0.13725490196079    0.00000000000000             2
   -0.13725490196079    0.09803921568628    0.00000000000000             2
   -0.09803921568628    0.13725490196079    0.00000000000000             2
    0.03921568627451    0.09803921568628    0.00000000000000             2
    0.13725490196079   -0.03921568627451    0.00000000000000             2
    0.11764705882353    0.03921568627451    0.00000000000000             2
   -0.03921568627451    0.15686274509804    0.00000000000000             2
   -0.15686274509804    0.11764705882353    0.00000000000000             2
   -0.11764705882353    0.15686274509804    0.00000000000000             2
    0.03921568627451    0.11764705882353    0.00000000000000             2
    0.15686274509804   -0.03921568627451    0.00000000000000             2
    0.13725490196079    0.03921568627451    0.00000000000000             2
   -0.03921568627451    0.17647058823530    0.00000000000000             2
   -0.17647058823530    0.13725490196079    0.00000000000000             2
   -0.13725490196079    0.17647058823530    0.00000000000000             2
    0.03921568627451    0.13725490196079    0.00000000000000             2
    0.17647058823530   -0.03921568627451    0.00000000000000             2
    0.15686274509804    0.03921568627451    0.00000000000000             2
   -0.03921568627451    0.19607843137255    0.00000000000000             2
   -0.19607843137255    0.15686274509804    0.00000000000000             2
   -0.15686274509804    0.19607843137255    0.00000000000000             2
    0.03921568627451    0.15686274509804    0.00000000000000             2
    0.19607843137255   -0.03921568627451    0.00000000000000             2
    0.17647058823530    0.03921568627451    0.00000000000000             2
   -0.03921568627451    0.21568627450981    0.00000000000000             2
   -0.21568627450981    0.17647058823530    0.00000000000000             2
   -0.17647058823530    0.21568627450981    0.00000000000000             2
    0.03921568627451    0.17647058823530    0.00000000000000             2
    0.21568627450981   -0.03921568627451    0.00000000000000             2
    0.19607843137255    0.03921568627451    0.00000000000000             2
   -0.03921568627451    0.23529411764706    0.00000000000000             2
   -0.23529411764706    0.19607843137255    0.00000000000000             2
   -0.19607843137255    0.23529411764706    0.00000000000000             2
    0.03921568627451    0.19607843137255    0.00000000000000             2
    0.23529411764706   -0.03921568627451    0.00000000000000             2
    0.21568627450981    0.03921568627451    0.00000000000000             2
   -0.03921568627451    0.25490196078432    0.00000000000000             2
   -0.25490196078432    0.21568627450981    0.00000000000000             2
   -0.21568627450981    0.25490196078432    0.00000000000000             2
    0.03921568627451    0.21568627450981    0.00000000000000             2
    0.25490196078432   -0.03921568627451    0.00000000000000             2
    0.23529411764706    0.03921568627451    0.00000000000000             2
   -0.03921568627451    0.27450980392157    0.00000000000000             2
   -0.27450980392157    0.23529411764706    0.00000000000000             2
   -0.23529411764706    0.27450980392157    0.00000000000000             2
    0.03921568627451    0.23529411764706    0.00000000000000             2
    0.27450980392157   -0.03921568627451    0.00000000000000             2
    0.25490196078432    0.03921568627451    0.00000000000000             2
   -0.03921568627451    0.29411764705883    0.00000000000000             2
   -0.29411764705883    0.25490196078432    0.00000000000000             2
   -0.25490196078432    0.29411764705883    0.00000000000000             2
    0.03921568627451    0.25490196078432    0.00000000000000             2
    0.29411764705883   -0.03921568627451    0.00000000000000             2
    0.27450980392157    0.03921568627451    0.00000000000000             2
   -0.03921568627451    0.31372549019608    0.00000000000000             2
   -0.31372549019608    0.27450980392157    0.00000000000000             2
   -0.27450980392157    0.31372549019608    0.00000000000000             2
    0.03921568627451    0.27450980392157    0.00000000000000             2
    0.31372549019608   -0.03921568627451    0.00000000000000             2
    0.29411764705883    0.03921568627451    0.00000000000000             2
   -0.03921568627451    0.33333333333334    0.00000000000000             2
   -0.33333333333334    0.29411764705883    0.00000000000000             2
   -0.29411764705883    0.33333333333334    0.00000000000000             2
    0.03921568627451    0.29411764705883    0.00000000000000             2
    0.33333333333334   -0.03921568627451    0.00000000000000             2
    0.31372549019608    0.03921568627451    0.00000000000000             2
   -0.03921568627451    0.35294117647059    0.00000000000000             2
   -0.35294117647059    0.31372549019608    0.00000000000000             2
   -0.31372549019608    0.35294117647059    0.00000000000000             2
    0.03921568627451    0.31372549019608    0.00000000000000             2
    0.35294117647059   -0.03921568627451    0.00000000000000             2
    0.33333333333334    0.03921568627451    0.00000000000000             2
   -0.03921568627451    0.37254901960785    0.00000000000000             2
   -0.37254901960785    0.33333333333334    0.00000000000000             2
   -0.33333333333334    0.37254901960785    0.00000000000000             2
    0.03921568627451    0.33333333333334    0.00000000000000             2
    0.37254901960785   -0.03921568627451    0.00000000000000             2
    0.35294117647059    0.03921568627451    0.00000000000000             2
   -0.03921568627451    0.39215686274510    0.00000000000000             2
   -0.39215686274510    0.35294117647059    0.00000000000000             2
   -0.35294117647059    0.39215686274510    0.00000000000000             2
    0.03921568627451    0.35294117647059    0.00000000000000             2
    0.39215686274510   -0.03921568627451    0.00000000000000             2
    0.37254901960785    0.03921568627451    0.00000000000000             2
   -0.03921568627451    0.41176470588236    0.00000000000000             2
   -0.41176470588236    0.37254901960785    0.00000000000000             2
   -0.37254901960785    0.41176470588235    0.00000000000000             2
    0.03921568627451    0.37254901960785    0.00000000000000             2
    0.41176470588236   -0.03921568627451    0.00000000000000             2
    0.39215686274510    0.03921568627451    0.00000000000000             2
   -0.03921568627451    0.43137254901961    0.00000000000000             2
   -0.43137254901961    0.39215686274510    0.00000000000000             2
   -0.39215686274510    0.43137254901961    0.00000000000000             2
    0.03921568627451    0.39215686274510    0.00000000000000             2
    0.43137254901961   -0.03921568627451    0.00000000000000             2
    0.41176470588235    0.03921568627451    0.00000000000000             2
   -0.03921568627451    0.45098039215686    0.00000000000000             2
   -0.45098039215686    0.41176470588236    0.00000000000000             2
   -0.41176470588235    0.45098039215686    0.00000000000000             2
    0.03921568627451    0.41176470588236    0.00000000000000             2
    0.45098039215686   -0.03921568627451    0.00000000000000             2
    0.43137254901961    0.03921568627451    0.00000000000000             2
   -0.03921568627451    0.47058823529412    0.00000000000000             2
   -0.47058823529412    0.43137254901961    0.00000000000000             2
   -0.43137254901961    0.47058823529412    0.00000000000000             2
    0.03921568627451    0.43137254901961    0.00000000000000             2
    0.47058823529412   -0.03921568627451    0.00000000000000             2
    0.45098039215686    0.03921568627451    0.00000000000000             2
   -0.03921568627451    0.49019607843137    0.00000000000000             2
   -0.49019607843137    0.45098039215686    0.00000000000000             2
   -0.45098039215686    0.49019607843137    0.00000000000000             2
    0.03921568627451    0.45098039215686    0.00000000000000             2
    0.49019607843137   -0.03921568627451    0.00000000000000             2
    0.47058823529412    0.03921568627451    0.00000000000000             2
   -0.03921568627451   -0.49019607843137    0.00000000000000             2
    0.49019607843137    0.47058823529412    0.00000000000000             2
   -0.47058823529412   -0.49019607843137    0.00000000000000             2
    0.03921568627451    0.47058823529412    0.00000000000000             2
   -0.49019607843137   -0.03921568627451    0.00000000000000             2
    0.05882352941177    0.05882352941177    0.00000000000000             2
   -0.05882352941177    0.11764705882354    0.00000000000000             2
   -0.11764705882354    0.05882352941177    0.00000000000000             2
    0.07843137254902    0.05882352941177    0.00000000000000             2
   -0.05882352941177    0.13725490196079    0.00000000000000             2
   -0.13725490196079    0.07843137254902    0.00000000000000             2
   -0.07843137254902    0.13725490196079    0.00000000000000             2
    0.05882352941177    0.07843137254902    0.00000000000000             2
    0.13725490196079   -0.05882352941177    0.00000000000000             2
    0.09803921568628    0.05882352941177    0.00000000000000             2
   -0.05882352941177    0.15686274509805    0.00000000000000             2
   -0.15686274509805    0.09803921568628    0.00000000000000             2
   -0.09803921568628    0.15686274509805    0.00000000000000             2
    0.05882352941177    0.09803921568628    0.00000000000000             2
    0.15686274509805   -0.05882352941177    0.00000000000000             2
    0.11764705882353    0.05882352941177    0.00000000000000             2
   -0.05882352941177    0.17647058823530    0.00000000000000             2
   -0.17647058823530    0.11764705882353    0.00000000000000             2
   -0.11764705882353    0.17647058823530    0.00000000000000             2
    0.05882352941177    0.11764705882353    0.00000000000000             2
    0.17647058823530   -0.05882352941177    0.00000000000000             2
    0.13725490196079    0.05882352941177    0.00000000000000             2
   -0.05882352941177    0.19607843137256    0.00000000000000             2
   -0.19607843137256    0.13725490196079    0.00000000000000             2
   -0.13725490196079    0.19607843137256    0.00000000000000             2
    0.05882352941177    0.13725490196079    0.00000000000000             2
    0.19607843137256   -0.05882352941177    0.00000000000000             2
    0.15686274509804    0.05882352941177    0.00000000000000             2
   -0.05882352941177    0.21568627450981    0.00000000000000             2
   -0.21568627450981    0.15686274509804    0.00000000000000             2
   -0.15686274509804    0.21568627450981    0.00000000000000             2
    0.05882352941177    0.15686274509804    0.00000000000000             2
    0.21568627450981   -0.05882352941177    0.00000000000000             2
    0.17647058823530    0.05882352941177    0.00000000000000             2
   -0.05882352941177    0.23529411764707    0.00000000000000             2
   -0.23529411764707    0.17647058823530    0.00000000000000             2
   -0.17647058823530    0.23529411764707    0.00000000000000             2
    0.05882352941177    0.17647058823530    0.00000000000000             2
    0.23529411764707   -0.05882352941177    0.00000000000000             2
    0.19607843137255    0.05882352941177    0.00000000000000             2
   -0.05882352941177    0.25490196078432    0.00000000000000             2
   -0.25490196078432    0.19607843137255    0.00000000000000             2
   -0.19607843137255    0.25490196078432    0.00000000000000             2
    0.05882352941177    0.19607843137255    0.00000000000000             2
    0.25490196078432   -0.05882352941177    0.00000000000000             2
    0.21568627450981    0.05882352941177    0.00000000000000             2
   -0.05882352941177    0.27450980392157    0.00000000000000             2
   -0.27450980392157    0.21568627450981    0.00000000000000             2
   -0.21568627450981    0.27450980392157    0.00000000000000             2
    0.05882352941177    0.21568627450981    0.00000000000000             2
    0.27450980392157   -0.05882352941177    0.00000000000000             2
    0.23529411764706    0.05882352941177    0.00000000000000             2
   -0.05882352941177    0.29411764705883    0.00000000000000             2
   -0.29411764705883    0.23529411764706    0.00000000000000             2
   -0.23529411764706    0.29411764705883    0.00000000000000             2
    0.05882352941177    0.23529411764706    0.00000000000000             2
    0.29411764705883   -0.05882352941177    0.00000000000000             2
    0.25490196078432    0.05882352941177    0.00000000000000             2
   -0.05882352941177    0.31372549019608    0.00000000000000             2
   -0.31372549019608    0.25490196078432    0.00000000000000             2
   -0.25490196078432    0.31372549019608    0.00000000000000             2
    0.05882352941177    0.25490196078432    0.00000000000000             2
    0.31372549019608   -0.05882352941177    0.00000000000000             2
    0.27450980392157    0.05882352941177    0.00000000000000             2
   -0.05882352941177    0.33333333333334    0.00000000000000             2
   -0.33333333333334    0.27450980392157    0.00000000000000             2
   -0.27450980392157    0.33333333333334    0.00000000000000             2
    0.05882352941177    0.27450980392157    0.00000000000000             2
    0.33333333333334   -0.05882352941177    0.00000000000000             2
    0.29411764705883    0.05882352941177    0.00000000000000             2
   -0.05882352941177    0.35294117647059    0.00000000000000             2
   -0.35294117647059    0.29411764705883    0.00000000000000             2
   -0.29411764705883    0.35294117647059    0.00000000000000             2
    0.05882352941177    0.29411764705883    0.00000000000000             2
    0.35294117647059   -0.05882352941177    0.00000000000000             2
    0.31372549019608    0.05882352941177    0.00000000000000             2
   -0.05882352941177    0.37254901960785    0.00000000000000             2
   -0.37254901960785    0.31372549019608    0.00000000000000             2
   -0.31372549019608    0.37254901960785    0.00000000000000             2
    0.05882352941177    0.31372549019608    0.00000000000000             2
    0.37254901960785   -0.05882352941177    0.00000000000000             2
    0.33333333333334    0.05882352941177    0.00000000000000             2
   -0.05882352941177    0.39215686274510    0.00000000000000             2
   -0.39215686274510    0.33333333333334    0.00000000000000             2
   -0.33333333333334    0.39215686274510    0.00000000000000             2
    0.05882352941177    0.33333333333334    0.00000000000000             2
    0.39215686274510   -0.05882352941177    0.00000000000000             2
    0.35294117647059    0.05882352941177    0.00000000000000             2
   -0.05882352941177    0.41176470588236    0.00000000000000             2
   -0.41176470588236    0.35294117647059    0.00000000000000             2
   -0.35294117647059    0.41176470588236    0.00000000000000             2
    0.05882352941177    0.35294117647059    0.00000000000000             2
    0.41176470588236   -0.05882352941177    0.00000000000000             2
    0.37254901960785    0.05882352941177    0.00000000000000             2
   -0.05882352941177    0.43137254901961    0.00000000000000             2
   -0.43137254901961    0.37254901960785    0.00000000000000             2
   -0.37254901960785    0.43137254901961    0.00000000000000             2
    0.05882352941177    0.37254901960785    0.00000000000000             2
    0.43137254901961   -0.05882352941177    0.00000000000000             2
    0.39215686274510    0.05882352941177    0.00000000000000             2
   -0.05882352941177    0.45098039215686    0.00000000000000             2
   -0.45098039215686    0.39215686274510    0.00000000000000             2
   -0.39215686274510    0.45098039215686    0.00000000000000             2
    0.05882352941177    0.39215686274510    0.00000000000000             2
    0.45098039215686   -0.05882352941177    0.00000000000000             2
    0.41176470588236    0.05882352941177    0.00000000000000             2
   -0.05882352941177    0.47058823529412    0.00000000000000             2
   -0.47058823529412    0.41176470588235    0.00000000000000             2
   -0.41176470588236    0.47058823529412    0.00000000000000             2
    0.05882352941177    0.41176470588236    0.00000000000000             2
    0.47058823529412   -0.05882352941177    0.00000000000000             2
    0.43137254901961    0.05882352941177    0.00000000000000             2
   -0.05882352941177    0.49019607843137    0.00000000000000             2
   -0.49019607843137    0.43137254901961    0.00000000000000             2
   -0.43137254901961    0.49019607843137    0.00000000000000             2
    0.05882352941177    0.43137254901961    0.00000000000000             2
    0.49019607843137   -0.05882352941177    0.00000000000000             2
    0.45098039215686    0.05882352941177    0.00000000000000             2
   -0.05882352941177   -0.49019607843137    0.00000000000000             2
    0.49019607843137    0.45098039215686    0.00000000000000             2
   -0.45098039215686   -0.49019607843137    0.00000000000000             2
    0.05882352941177    0.45098039215686    0.00000000000000             2
   -0.49019607843137   -0.05882352941177    0.00000000000000             2
    0.47058823529412    0.05882352941177    0.00000000000000             2
   -0.05882352941177   -0.47058823529412    0.00000000000000             2
    0.47058823529412    0.47058823529412    0.00000000000000             2
    0.07843137254902    0.07843137254902    0.00000000000000             2
   -0.07843137254902    0.15686274509804    0.00000000000000             2
   -0.15686274509804    0.07843137254902    0.00000000000000             2
    0.09803921568628    0.07843137254902    0.00000000000000             2
   -0.07843137254902    0.17647058823530    0.00000000000000             2
   -0.17647058823530    0.09803921568628    0.00000000000000             2
   -0.09803921568628    0.17647058823530    0.00000000000000             2
    0.07843137254902    0.09803921568628    0.00000000000000             2
    0.17647058823530   -0.07843137254902    0.00000000000000             2
    0.11764705882353    0.07843137254902    0.00000000000000             2
   -0.07843137254902    0.19607843137255    0.00000000000000             2
   -0.19607843137255    0.11764705882353    0.00000000000000             2
   -0.11764705882353    0.19607843137255    0.00000000000000             2
    0.07843137254902    0.11764705882353    0.00000000000000             2
    0.19607843137255   -0.07843137254902    0.00000000000000             2
    0.13725490196079    0.07843137254902    0.00000000000000             2
   -0.07843137254902    0.21568627450981    0.00000000000000             2
   -0.21568627450981    0.13725490196079    0.00000000000000             2
   -0.13725490196079    0.21568627450981    0.00000000000000             2
    0.07843137254902    0.13725490196079    0.00000000000000             2
    0.21568627450981   -0.07843137254902    0.00000000000000             2
    0.15686274509804    0.07843137254902    0.00000000000000             2
   -0.07843137254902    0.23529411764706    0.00000000000000             2
   -0.23529411764706    0.15686274509804    0.00000000000000             2
   -0.15686274509804    0.23529411764706    0.00000000000000             2
    0.07843137254902    0.15686274509804    0.00000000000000             2
    0.23529411764706   -0.07843137254902    0.00000000000000             2
    0.17647058823530    0.07843137254902    0.00000000000000             2
   -0.07843137254902    0.25490196078432    0.00000000000000             2
   -0.25490196078432    0.17647058823530    0.00000000000000             2
   -0.17647058823530    0.25490196078432    0.00000000000000             2
    0.07843137254902    0.17647058823530    0.00000000000000             2
    0.25490196078432   -0.07843137254902    0.00000000000000             2
    0.19607843137255    0.07843137254902    0.00000000000000             2
   -0.07843137254902    0.27450980392157    0.00000000000000             2
   -0.27450980392157    0.19607843137255    0.00000000000000             2
   -0.19607843137255    0.27450980392157    0.00000000000000             2
    0.07843137254902    0.19607843137255    0.00000000000000             2
    0.27450980392157   -0.07843137254902    0.00000000000000             2
    0.21568627450981    0.07843137254902    0.00000000000000             2
   -0.07843137254902    0.29411764705883    0.00000000000000             2
   -0.29411764705883    0.21568627450981    0.00000000000000             2
   -0.21568627450981    0.29411764705883    0.00000000000000             2
    0.07843137254902    0.21568627450981    0.00000000000000             2
    0.29411764705883   -0.07843137254902    0.00000000000000             2
    0.23529411764706    0.07843137254902    0.00000000000000             2
   -0.07843137254902    0.31372549019608    0.00000000000000             2
   -0.31372549019608    0.23529411764706    0.00000000000000             2
   -0.23529411764706    0.31372549019608    0.00000000000000             2
    0.07843137254902    0.23529411764706    0.00000000000000             2
    0.31372549019608   -0.07843137254902    0.00000000000000             2
    0.25490196078432    0.07843137254902    0.00000000000000             2
   -0.07843137254902    0.33333333333334    0.00000000000000             2
   -0.33333333333334    0.25490196078432    0.00000000000000             2
   -0.25490196078432    0.33333333333334    0.00000000000000             2
    0.07843137254902    0.25490196078432    0.00000000000000             2
    0.33333333333334   -0.07843137254902    0.00000000000000             2
    0.27450980392157    0.07843137254902    0.00000000000000             2
   -0.07843137254902    0.35294117647059    0.00000000000000             2
   -0.35294117647059    0.27450980392157    0.00000000000000             2
   -0.27450980392157    0.35294117647059    0.00000000000000             2
    0.07843137254902    0.27450980392157    0.00000000000000             2
    0.35294117647059   -0.07843137254902    0.00000000000000             2
    0.29411764705883    0.07843137254902    0.00000000000000             2
   -0.07843137254902    0.37254901960785    0.00000000000000             2
   -0.37254901960785    0.29411764705883    0.00000000000000             2
   -0.29411764705883    0.37254901960785    0.00000000000000             2
    0.07843137254902    0.29411764705883    0.00000000000000             2
    0.37254901960785   -0.07843137254902    0.00000000000000             2
    0.31372549019608    0.07843137254902    0.00000000000000             2
   -0.07843137254902    0.39215686274510    0.00000000000000             2
   -0.39215686274510    0.31372549019608    0.00000000000000             2
   -0.31372549019608    0.39215686274510    0.00000000000000             2
    0.07843137254902    0.31372549019608    0.00000000000000             2
    0.39215686274510   -0.07843137254902    0.00000000000000             2
    0.33333333333334    0.07843137254902    0.00000000000000             2
   -0.07843137254902    0.41176470588236    0.00000000000000             2
   -0.41176470588236    0.33333333333334    0.00000000000000             2
   -0.33333333333334    0.41176470588235    0.00000000000000             2
    0.07843137254902    0.33333333333334    0.00000000000000             2
    0.41176470588236   -0.07843137254902    0.00000000000000             2
    0.35294117647059    0.07843137254902    0.00000000000000             2
   -0.07843137254902    0.43137254901961    0.00000000000000             2
   -0.43137254901961    0.35294117647059    0.00000000000000             2
   -0.35294117647059    0.43137254901961    0.00000000000000             2
    0.07843137254902    0.35294117647059    0.00000000000000             2
    0.43137254901961   -0.07843137254902    0.00000000000000             2
    0.37254901960785    0.07843137254902    0.00000000000000             2
   -0.07843137254902    0.45098039215686    0.00000000000000             2
   -0.45098039215686    0.37254901960785    0.00000000000000             2
   -0.37254901960785    0.45098039215686    0.00000000000000             2
    0.07843137254902    0.37254901960785    0.00000000000000             2
    0.45098039215686   -0.07843137254902    0.00000000000000             2
    0.39215686274510    0.07843137254902    0.00000000000000             2
   -0.07843137254902    0.47058823529412    0.00000000000000             2
   -0.47058823529412    0.39215686274510    0.00000000000000             2
   -0.39215686274510    0.47058823529412    0.00000000000000             2
    0.07843137254902    0.39215686274510    0.00000000000000             2
    0.47058823529412   -0.07843137254902    0.00000000000000             2
    0.41176470588236    0.07843137254902    0.00000000000000             2
   -0.07843137254902    0.49019607843137    0.00000000000000             2
   -0.49019607843137    0.41176470588236    0.00000000000000             2
   -0.41176470588236    0.49019607843137    0.00000000000000             2
    0.07843137254902    0.41176470588236    0.00000000000000             2
    0.49019607843137   -0.07843137254902    0.00000000000000             2
    0.43137254901961    0.07843137254902    0.00000000000000             2
   -0.07843137254902   -0.49019607843137    0.00000000000000             2
    0.49019607843137    0.43137254901961    0.00000000000000             2
   -0.43137254901961   -0.49019607843137    0.00000000000000             2
    0.07843137254902    0.43137254901961    0.00000000000000             2
   -0.49019607843137   -0.07843137254902    0.00000000000000             2
    0.45098039215686    0.07843137254902    0.00000000000000             2
   -0.07843137254902   -0.47058823529412    0.00000000000000             2
    0.47058823529412    0.45098039215686    0.00000000000000             2
   -0.45098039215686   -0.47058823529412    0.00000000000000             2
    0.07843137254902    0.45098039215686    0.00000000000000             2
   -0.47058823529412   -0.07843137254902    0.00000000000000             2
    0.09803921568628    0.09803921568628    0.00000000000000             2
   -0.09803921568628    0.19607843137256    0.00000000000000             2
   -0.19607843137256    0.09803921568628    0.00000000000000             2
    0.11764705882353    0.09803921568628    0.00000000000000             2
   -0.09803921568628    0.21568627450981    0.00000000000000             2
   -0.21568627450981    0.11764705882353    0.00000000000000             2
   -0.11764705882353    0.21568627450981    0.00000000000000             2
    0.09803921568628    0.11764705882353    0.00000000000000             2
    0.21568627450981   -0.09803921568628    0.00000000000000             2
    0.13725490196079    0.09803921568628    0.00000000000000             2
   -0.09803921568628    0.23529411764707    0.00000000000000             2
   -0.23529411764707    0.13725490196079    0.00000000000000             2
   -0.13725490196079    0.23529411764707    0.00000000000000             2
    0.09803921568628    0.13725490196079    0.00000000000000             2
    0.23529411764707   -0.09803921568628    0.00000000000000             2
    0.15686274509804    0.09803921568628    0.00000000000000             2
   -0.09803921568628    0.25490196078432    0.00000000000000             2
   -0.25490196078432    0.15686274509804    0.00000000000000             2
   -0.15686274509804    0.25490196078432    0.00000000000000             2
    0.09803921568628    0.15686274509804    0.00000000000000             2
    0.25490196078432   -0.09803921568628    0.00000000000000             2
    0.17647058823530    0.09803921568628    0.00000000000000             2
   -0.09803921568628    0.27450980392157    0.00000000000000             2
   -0.27450980392157    0.17647058823530    0.00000000000000             2
   -0.17647058823530    0.27450980392157    0.00000000000000             2
    0.09803921568628    0.17647058823530    0.00000000000000             2
    0.27450980392157   -0.09803921568628    0.00000000000000             2
    0.19607843137255    0.09803921568628    0.00000000000000             2
   -0.09803921568628    0.29411764705883    0.00000000000000             2
   -0.29411764705883    0.19607843137255    0.00000000000000             2
   -0.19607843137255    0.29411764705883    0.00000000000000             2
    0.09803921568628    0.19607843137255    0.00000000000000             2
    0.29411764705883   -0.09803921568628    0.00000000000000             2
    0.21568627450981    0.09803921568628    0.00000000000000             2
   -0.09803921568628    0.31372549019608    0.00000000000000             2
   -0.31372549019608    0.21568627450981    0.00000000000000             2
   -0.21568627450981    0.31372549019608    0.00000000000000             2
    0.09803921568628    0.21568627450981    0.00000000000000             2
    0.31372549019608   -0.09803921568628    0.00000000000000             2
    0.23529411764706    0.09803921568628    0.00000000000000             2
   -0.09803921568628    0.33333333333334    0.00000000000000             2
   -0.33333333333334    0.23529411764706    0.00000000000000             2
   -0.23529411764706    0.33333333333334    0.00000000000000             2
    0.09803921568628    0.23529411764706    0.00000000000000             2
    0.33333333333334   -0.09803921568628    0.00000000000000             2
    0.25490196078432    0.09803921568628    0.00000000000000             2
   -0.09803921568628    0.35294117647059    0.00000000000000             2
   -0.35294117647059    0.25490196078432    0.00000000000000             2
   -0.25490196078432    0.35294117647059    0.00000000000000             2
    0.09803921568628    0.25490196078432    0.00000000000000             2
    0.35294117647059   -0.09803921568628    0.00000000000000             2
    0.27450980392157    0.09803921568628    0.00000000000000             2
   -0.09803921568628    0.37254901960785    0.00000000000000             2
   -0.37254901960785    0.27450980392157    0.00000000000000             2
   -0.27450980392157    0.37254901960785    0.00000000000000             2
    0.09803921568628    0.27450980392157    0.00000000000000             2
    0.37254901960785   -0.09803921568628    0.00000000000000             2
    0.29411764705883    0.09803921568628    0.00000000000000             2
   -0.09803921568628    0.39215686274510    0.00000000000000             2
   -0.39215686274510    0.29411764705883    0.00000000000000             2
   -0.29411764705883    0.39215686274510    0.00000000000000             2
    0.09803921568628    0.29411764705883    0.00000000000000             2
    0.39215686274510   -0.09803921568628    0.00000000000000             2
    0.31372549019608    0.09803921568628    0.00000000000000             2
   -0.09803921568628    0.41176470588236    0.00000000000000             2
   -0.41176470588236    0.31372549019608    0.00000000000000             2
   -0.31372549019608    0.41176470588236    0.00000000000000             2
    0.09803921568628    0.31372549019608    0.00000000000000             2
    0.41176470588236   -0.09803921568628    0.00000000000000             2
    0.33333333333334    0.09803921568628    0.00000000000000             2
   -0.09803921568628    0.43137254901961    0.00000000000000             2
   -0.43137254901961    0.33333333333334    0.00000000000000             2
   -0.33333333333334    0.43137254901961    0.00000000000000             2
    0.09803921568628    0.33333333333334    0.00000000000000             2
    0.43137254901961   -0.09803921568628    0.00000000000000             2
    0.35294117647059    0.09803921568628    0.00000000000000             2
   -0.09803921568628    0.45098039215686    0.00000000000000             2
   -0.45098039215686    0.35294117647059    0.00000000000000             2
   -0.35294117647059    0.45098039215686    0.00000000000000             2
    0.09803921568628    0.35294117647059    0.00000000000000             2
    0.45098039215686   -0.09803921568628    0.00000000000000             2
    0.37254901960785    0.09803921568628    0.00000000000000             2
   -0.09803921568628    0.47058823529412    0.00000000000000             2
   -0.47058823529412    0.37254901960785    0.00000000000000             2
   -0.37254901960785    0.47058823529412    0.00000000000000             2
    0.09803921568628    0.37254901960785    0.00000000000000             2
    0.47058823529412   -0.09803921568628    0.00000000000000             2
    0.39215686274510    0.09803921568628    0.00000000000000             2
   -0.09803921568628    0.49019607843137    0.00000000000000             2
   -0.49019607843137    0.39215686274510    0.00000000000000             2
   -0.39215686274510    0.49019607843137    0.00000000000000             2
    0.09803921568628    0.39215686274510    0.00000000000000             2
    0.49019607843137   -0.09803921568628    0.00000000000000             2
    0.41176470588236    0.09803921568628    0.00000000000000             2
   -0.09803921568628   -0.49019607843137    0.00000000000000             2
    0.49019607843137    0.41176470588236    0.00000000000000             2
   -0.41176470588236   -0.49019607843137    0.00000000000000             2
    0.09803921568628    0.41176470588236    0.00000000000000             2
   -0.49019607843137   -0.09803921568628    0.00000000000000             2
    0.43137254901961    0.09803921568628    0.00000000000000             2
   -0.09803921568628   -0.47058823529412    0.00000000000000             2
    0.47058823529412    0.43137254901961    0.00000000000000             2
   -0.43137254901961   -0.47058823529412    0.00000000000000             2
    0.09803921568628    0.43137254901961    0.00000000000000             2
   -0.47058823529412   -0.09803921568628    0.00000000000000             2
    0.45098039215686    0.09803921568628    0.00000000000000             2
   -0.09803921568628   -0.45098039215686    0.00000000000000             2
    0.45098039215686    0.45098039215686    0.00000000000000             2
    0.11764705882353    0.11764705882353    0.00000000000000             2
   -0.11764705882353    0.23529411764706    0.00000000000000             2
   -0.23529411764706    0.11764705882353    0.00000000000000             2
    0.13725490196079    0.11764705882353    0.00000000000000             2
   -0.11764705882353    0.25490196078432    0.00000000000000             2
   -0.25490196078432    0.13725490196079    0.00000000000000             2
   -0.13725490196079    0.25490196078432    0.00000000000000             2
    0.11764705882353    0.13725490196079    0.00000000000000             2
    0.25490196078432   -0.11764705882353    0.00000000000000             2
    0.15686274509804    0.11764705882353    0.00000000000000             2
   -0.11764705882353    0.27450980392157    0.00000000000000             2
   -0.27450980392157    0.15686274509804    0.00000000000000             2
   -0.15686274509804    0.27450980392157    0.00000000000000             2
    0.11764705882353    0.15686274509804    0.00000000000000             2
    0.27450980392157   -0.11764705882353    0.00000000000000             2
    0.17647058823530    0.11764705882353    0.00000000000000             2
   -0.11764705882353    0.29411764705883    0.00000000000000             2
   -0.29411764705883    0.17647058823530    0.00000000000000             2
   -0.17647058823530    0.29411764705883    0.00000000000000             2
    0.11764705882353    0.17647058823530    0.00000000000000             2
    0.29411764705883   -0.11764705882353    0.00000000000000             2
    0.19607843137255    0.11764705882353    0.00000000000000             2
   -0.11764705882353    0.31372549019608    0.00000000000000             2
   -0.31372549019608    0.19607843137255    0.00000000000000             2
   -0.19607843137255    0.31372549019608    0.00000000000000             2
    0.11764705882353    0.19607843137255    0.00000000000000             2
    0.31372549019608   -0.11764705882353    0.00000000000000             2
    0.21568627450981    0.11764705882353    0.00000000000000             2
   -0.11764705882353    0.33333333333334    0.00000000000000             2
   -0.33333333333334    0.21568627450981    0.00000000000000             2
   -0.21568627450981    0.33333333333334    0.00000000000000             2
    0.11764705882353    0.21568627450981    0.00000000000000             2
    0.33333333333334   -0.11764705882353    0.00000000000000             2
    0.23529411764706    0.11764705882353    0.00000000000000             2
   -0.11764705882353    0.35294117647059    0.00000000000000             2
   -0.35294117647059    0.23529411764706    0.00000000000000             2
   -0.23529411764706    0.35294117647059    0.00000000000000             2
    0.11764705882353    0.23529411764706    0.00000000000000             2
    0.35294117647059   -0.11764705882353    0.00000000000000             2
    0.25490196078432    0.11764705882353    0.00000000000000             2
   -0.11764705882353    0.37254901960785    0.00000000000000             2
   -0.37254901960785    0.25490196078432    0.00000000000000             2
   -0.25490196078432    0.37254901960785    0.00000000000000             2
    0.11764705882353    0.25490196078432    0.00000000000000             2
    0.37254901960785   -0.11764705882353    0.00000000000000             2
    0.27450980392157    0.11764705882353    0.00000000000000             2
   -0.11764705882353    0.39215686274510    0.00000000000000             2
   -0.39215686274510    0.27450980392157    0.00000000000000             2
   -0.27450980392157    0.39215686274510    0.00000000000000             2
    0.11764705882353    0.27450980392157    0.00000000000000             2
    0.39215686274510   -0.11764705882353    0.00000000000000             2
    0.29411764705883    0.11764705882353    0.00000000000000             2
   -0.11764705882353    0.41176470588236    0.00000000000000             2
   -0.41176470588236    0.29411764705883    0.00000000000000             2
   -0.29411764705883    0.41176470588236    0.00000000000000             2
    0.11764705882353    0.29411764705883    0.00000000000000             2
    0.41176470588236   -0.11764705882353    0.00000000000000             2
    0.31372549019608    0.11764705882353    0.00000000000000             2
   -0.11764705882353    0.43137254901961    0.00000000000000             2
   -0.43137254901961    0.31372549019608    0.00000000000000             2
   -0.31372549019608    0.43137254901961    0.00000000000000             2
    0.11764705882353    0.31372549019608    0.00000000000000             2
    0.43137254901961   -0.11764705882353    0.00000000000000             2
    0.33333333333334    0.11764705882353    0.00000000000000             2
   -0.11764705882353    0.45098039215686    0.00000000000000             2
   -0.45098039215686    0.33333333333334    0.00000000000000             2
   -0.33333333333334    0.45098039215686    0.00000000000000             2
    0.11764705882353    0.33333333333334    0.00000000000000             2
    0.45098039215686   -0.11764705882353    0.00000000000000             2
    0.35294117647059    0.11764705882353    0.00000000000000             2
   -0.11764705882353    0.47058823529412    0.00000000000000             2
   -0.47058823529412    0.35294117647059    0.00000000000000             2
   -0.35294117647059    0.47058823529412    0.00000000000000             2
    0.11764705882353    0.35294117647059    0.00000000000000             2
    0.47058823529412   -0.11764705882353    0.00000000000000             2
    0.37254901960785    0.11764705882353    0.00000000000000             2
   -0.11764705882353    0.49019607843137    0.00000000000000             2
   -0.49019607843137    0.37254901960785    0.00000000000000             2
   -0.37254901960785    0.49019607843137    0.00000000000000             2
    0.11764705882353    0.37254901960785    0.00000000000000             2
    0.49019607843137   -0.11764705882353    0.00000000000000             2
    0.39215686274510    0.11764705882353    0.00000000000000             2
   -0.11764705882353   -0.49019607843137    0.00000000000000             2
    0.49019607843137    0.39215686274510    0.00000000000000             2
   -0.39215686274510   -0.49019607843137    0.00000000000000             2
    0.11764705882353    0.39215686274510    0.00000000000000             2
   -0.49019607843137   -0.11764705882353    0.00000000000000             2
    0.41176470588236    0.11764705882353    0.00000000000000             2
   -0.11764705882353   -0.47058823529412    0.00000000000000             2
    0.47058823529412    0.41176470588236    0.00000000000000             2
   -0.41176470588236   -0.47058823529412    0.00000000000000             2
    0.11764705882353    0.41176470588236    0.00000000000000             2
   -0.47058823529412   -0.11764705882353    0.00000000000000             2
    0.43137254901961    0.11764705882353    0.00000000000000             2
   -0.11764705882353   -0.45098039215686    0.00000000000000             2
    0.45098039215686    0.43137254901961    0.00000000000000             2
   -0.43137254901961   -0.45098039215686    0.00000000000000             2
    0.11764705882353    0.43137254901961    0.00000000000000             2
   -0.45098039215686   -0.11764705882353    0.00000000000000             2
    0.13725490196079    0.13725490196079    0.00000000000000             2
   -0.13725490196079    0.27450980392157    0.00000000000000             2
   -0.27450980392157    0.13725490196079    0.00000000000000             2
    0.15686274509804    0.13725490196079    0.00000000000000             2
   -0.13725490196079    0.29411764705883    0.00000000000000             2
   -0.29411764705883    0.15686274509804    0.00000000000000             2
   -0.15686274509804    0.29411764705883    0.00000000000000             2
    0.13725490196079    0.15686274509804    0.00000000000000             2
    0.29411764705883   -0.13725490196079    0.00000000000000             2
    0.17647058823530    0.13725490196079    0.00000000000000             2
   -0.13725490196079    0.31372549019608    0.00000000000000             2
   -0.31372549019608    0.17647058823530    0.00000000000000             2
   -0.17647058823530    0.31372549019608    0.00000000000000             2
    0.13725490196079    0.17647058823530    0.00000000000000             2
    0.31372549019608   -0.13725490196079    0.00000000000000             2
    0.19607843137255    0.13725490196079    0.00000000000000             2
   -0.13725490196079    0.33333333333334    0.00000000000000             2
   -0.33333333333334    0.19607843137255    0.00000000000000             2
   -0.19607843137255    0.33333333333334    0.00000000000000             2
    0.13725490196079    0.19607843137255    0.00000000000000             2
    0.33333333333334   -0.13725490196079    0.00000000000000             2
    0.21568627450981    0.13725490196079    0.00000000000000             2
   -0.13725490196079    0.35294117647059    0.00000000000000             2
   -0.35294117647059    0.21568627450981    0.00000000000000             2
   -0.21568627450981    0.35294117647059    0.00000000000000             2
    0.13725490196079    0.21568627450981    0.00000000000000             2
    0.35294117647059   -0.13725490196079    0.00000000000000             2
    0.23529411764706    0.13725490196079    0.00000000000000             2
   -0.13725490196079    0.37254901960785    0.00000000000000             2
   -0.37254901960785    0.23529411764706    0.00000000000000             2
   -0.23529411764706    0.37254901960785    0.00000000000000             2
    0.13725490196079    0.23529411764706    0.00000000000000             2
    0.37254901960785   -0.13725490196079    0.00000000000000             2
    0.25490196078432    0.13725490196079    0.00000000000000             2
   -0.13725490196079    0.39215686274510    0.00000000000000             2
   -0.39215686274510    0.25490196078432    0.00000000000000             2
   -0.25490196078432    0.39215686274510    0.00000000000000             2
    0.13725490196079    0.25490196078432    0.00000000000000             2
    0.39215686274510   -0.13725490196079    0.00000000000000             2
    0.27450980392157    0.13725490196079    0.00000000000000             2
   -0.13725490196079    0.41176470588236    0.00000000000000             2
   -0.41176470588235    0.27450980392157    0.00000000000000             2
   -0.27450980392157    0.41176470588236    0.00000000000000             2
    0.13725490196079    0.27450980392157    0.00000000000000             2
    0.41176470588236   -0.13725490196079    0.00000000000000             2
    0.29411764705883    0.13725490196079    0.00000000000000             2
   -0.13725490196079    0.43137254901961    0.00000000000000             2
   -0.43137254901961    0.29411764705883    0.00000000000000             2
   -0.29411764705883    0.43137254901961    0.00000000000000             2
    0.13725490196079    0.29411764705883    0.00000000000000             2
    0.43137254901961   -0.13725490196079    0.00000000000000             2
    0.31372549019608    0.13725490196079    0.00000000000000             2
   -0.13725490196079    0.45098039215686    0.00000000000000             2
   -0.45098039215686    0.31372549019608    0.00000000000000             2
   -0.31372549019608    0.45098039215686    0.00000000000000             2
    0.13725490196079    0.31372549019608    0.00000000000000             2
    0.45098039215686   -0.13725490196079    0.00000000000000             2
    0.33333333333334    0.13725490196079    0.00000000000000             2
   -0.13725490196079    0.47058823529412    0.00000000000000             2
   -0.47058823529412    0.33333333333334    0.00000000000000             2
   -0.33333333333334    0.47058823529412    0.00000000000000             2
    0.13725490196079    0.33333333333334    0.00000000000000             2
    0.47058823529412   -0.13725490196079    0.00000000000000             2
    0.35294117647059    0.13725490196079    0.00000000000000             2
   -0.13725490196079    0.49019607843137    0.00000000000000             2
   -0.49019607843137    0.35294117647059    0.00000000000000             2
   -0.35294117647059    0.49019607843137    0.00000000000000             2
    0.13725490196079    0.35294117647059    0.00000000000000             2
    0.49019607843137   -0.13725490196079    0.00000000000000             2
    0.37254901960785    0.13725490196079    0.00000000000000             2
   -0.13725490196079   -0.49019607843137    0.00000000000000             2
    0.49019607843137    0.37254901960785    0.00000000000000             2
   -0.37254901960785   -0.49019607843137    0.00000000000000             2
    0.13725490196079    0.37254901960785    0.00000000000000             2
   -0.49019607843137   -0.13725490196079    0.00000000000000             2
    0.39215686274510    0.13725490196079    0.00000000000000             2
   -0.13725490196079   -0.47058823529412    0.00000000000000             2
    0.47058823529412    0.39215686274510    0.00000000000000             2
   -0.39215686274510   -0.47058823529412    0.00000000000000             2
    0.13725490196079    0.39215686274510    0.00000000000000             2
   -0.47058823529412   -0.13725490196079    0.00000000000000             2
    0.41176470588236    0.13725490196079    0.00000000000000             2
   -0.13725490196079   -0.45098039215686    0.00000000000000             2
    0.45098039215686    0.41176470588236    0.00000000000000             2
   -0.41176470588236   -0.45098039215686    0.00000000000000             2
    0.13725490196079    0.41176470588236    0.00000000000000             2
   -0.45098039215686   -0.13725490196079    0.00000000000000             2
    0.43137254901961    0.13725490196079    0.00000000000000             2
   -0.13725490196079   -0.43137254901961    0.00000000000000             2
    0.43137254901961    0.43137254901961    0.00000000000000             2
    0.15686274509804    0.15686274509804    0.00000000000000             2
   -0.15686274509804    0.31372549019608    0.00000000000000             2
   -0.31372549019608    0.15686274509804    0.00000000000000             2
    0.17647058823530    0.15686274509804    0.00000000000000             2
   -0.15686274509804    0.33333333333334    0.00000000000000             2
   -0.33333333333334    0.17647058823530    0.00000000000000             2
   -0.17647058823530    0.33333333333334    0.00000000000000             2
    0.15686274509804    0.17647058823530    0.00000000000000             2
    0.33333333333334   -0.15686274509804    0.00000000000000             2
    0.19607843137255    0.15686274509804    0.00000000000000             2
   -0.15686274509804    0.35294117647059    0.00000000000000             2
   -0.35294117647059    0.19607843137255    0.00000000000000             2
   -0.19607843137255    0.35294117647059    0.00000000000000             2
    0.15686274509804    0.19607843137255    0.00000000000000             2
    0.35294117647059   -0.15686274509804    0.00000000000000             2
    0.21568627450981    0.15686274509804    0.00000000000000             2
   -0.15686274509804    0.37254901960785    0.00000000000000             2
   -0.37254901960785    0.21568627450981    0.00000000000000             2
   -0.21568627450981    0.37254901960785    0.00000000000000             2
    0.15686274509804    0.21568627450981    0.00000000000000             2
    0.37254901960785   -0.15686274509804    0.00000000000000             2
    0.23529411764706    0.15686274509804    0.00000000000000             2
   -0.15686274509804    0.39215686274510    0.00000000000000             2
   -0.39215686274510    0.23529411764706    0.00000000000000             2
   -0.23529411764706    0.39215686274510    0.00000000000000             2
    0.15686274509804    0.23529411764706    0.00000000000000             2
    0.39215686274510   -0.15686274509804    0.00000000000000             2
    0.25490196078432    0.15686274509804    0.00000000000000             2
   -0.15686274509804    0.41176470588235    0.00000000000000             2
   -0.41176470588236    0.25490196078432    0.00000000000000             2
   -0.25490196078432    0.41176470588236    0.00000000000000             2
    0.15686274509804    0.25490196078432    0.00000000000000             2
    0.41176470588236   -0.15686274509804    0.00000000000000             2
    0.27450980392157    0.15686274509804    0.00000000000000             2
   -0.15686274509804    0.43137254901961    0.00000000000000             2
   -0.43137254901961    0.27450980392157    0.00000000000000             2
   -0.27450980392157    0.43137254901961    0.00000000000000             2
    0.15686274509804    0.27450980392157    0.00000000000000             2
    0.43137254901961   -0.15686274509804    0.00000000000000             2
    0.29411764705883    0.15686274509804    0.00000000000000             2
   -0.15686274509804    0.45098039215686    0.00000000000000             2
   -0.45098039215686    0.29411764705883    0.00000000000000             2
   -0.29411764705883    0.45098039215686    0.00000000000000             2
    0.15686274509804    0.29411764705883    0.00000000000000             2
    0.45098039215686   -0.15686274509804    0.00000000000000             2
    0.31372549019608    0.15686274509804    0.00000000000000             2
   -0.15686274509804    0.47058823529412    0.00000000000000             2
   -0.47058823529412    0.31372549019608    0.00000000000000             2
   -0.31372549019608    0.47058823529412    0.00000000000000             2
    0.15686274509804    0.31372549019608    0.00000000000000             2
    0.47058823529412   -0.15686274509804    0.00000000000000             2
    0.33333333333334    0.15686274509804    0.00000000000000             2
   -0.15686274509804    0.49019607843137    0.00000000000000             2
   -0.49019607843137    0.33333333333334    0.00000000000000             2
   -0.33333333333334    0.49019607843137    0.00000000000000             2
    0.15686274509804    0.33333333333334    0.00000000000000             2
    0.49019607843137   -0.15686274509804    0.00000000000000             2
    0.35294117647059    0.15686274509804    0.00000000000000             2
   -0.15686274509804   -0.49019607843137    0.00000000000000             2
    0.49019607843137    0.35294117647059    0.00000000000000             2
   -0.35294117647059   -0.49019607843137    0.00000000000000             2
    0.15686274509804    0.35294117647059    0.00000000000000             2
   -0.49019607843137   -0.15686274509804    0.00000000000000             2
    0.37254901960785    0.15686274509804    0.00000000000000             2
   -0.15686274509804   -0.47058823529412    0.00000000000000             2
    0.47058823529412    0.37254901960785    0.00000000000000             2
   -0.37254901960785   -0.47058823529412    0.00000000000000             2
    0.15686274509804    0.37254901960785    0.00000000000000             2
   -0.47058823529412   -0.15686274509804    0.00000000000000             2
    0.39215686274510    0.15686274509804    0.00000000000000             2
   -0.15686274509804   -0.45098039215686    0.00000000000000             2
    0.45098039215686    0.39215686274510    0.00000000000000             2
   -0.39215686274510   -0.45098039215686    0.00000000000000             2
    0.15686274509804    0.39215686274510    0.00000000000000             2
   -0.45098039215686   -0.15686274509804    0.00000000000000             2
    0.41176470588236    0.15686274509804    0.00000000000000             2
   -0.15686274509804   -0.43137254901961    0.00000000000000             2
    0.43137254901961    0.41176470588236    0.00000000000000             2
   -0.41176470588236   -0.43137254901961    0.00000000000000             2
    0.15686274509804    0.41176470588236    0.00000000000000             2
   -0.43137254901961   -0.15686274509804    0.00000000000000             2
    0.17647058823530    0.17647058823530    0.00000000000000             2
   -0.17647058823530    0.35294117647059    0.00000000000000             2
   -0.35294117647059    0.17647058823530    0.00000000000000             2
    0.19607843137255    0.17647058823530    0.00000000000000             2
   -0.17647058823530    0.37254901960785    0.00000000000000             2
   -0.37254901960785    0.19607843137255    0.00000000000000             2
   -0.19607843137255    0.37254901960785    0.00000000000000             2
    0.17647058823530    0.19607843137255    0.00000000000000             2
    0.37254901960785   -0.17647058823530    0.00000000000000             2
    0.21568627450981    0.17647058823530    0.00000000000000             2
   -0.17647058823530    0.39215686274510    0.00000000000000             2
   -0.39215686274510    0.21568627450981    0.00000000000000             2
   -0.21568627450981    0.39215686274510    0.00000000000000             2
    0.17647058823530    0.21568627450981    0.00000000000000             2
    0.39215686274510   -0.17647058823530    0.00000000000000             2
    0.23529411764706    0.17647058823530    0.00000000000000             2
   -0.17647058823530    0.41176470588235    0.00000000000000             2
   -0.41176470588235    0.23529411764706    0.00000000000000             2
   -0.23529411764706    0.41176470588235    0.00000000000000             2
    0.17647058823530    0.23529411764706    0.00000000000000             2
    0.41176470588235   -0.17647058823530    0.00000000000000             2
    0.25490196078432    0.17647058823530    0.00000000000000             2
   -0.17647058823530    0.43137254901961    0.00000000000000             2
   -0.43137254901961    0.25490196078432    0.00000000000000             2
   -0.25490196078432    0.43137254901961    0.00000000000000             2
    0.17647058823530    0.25490196078432    0.00000000000000             2
    0.43137254901961   -0.17647058823530    0.00000000000000             2
    0.27450980392157    0.17647058823530    0.00000000000000             2
   -0.17647058823530    0.45098039215686    0.00000000000000             2
   -0.45098039215686    0.27450980392157    0.00000000000000             2
   -0.27450980392157    0.45098039215686    0.00000000000000             2
    0.17647058823530    0.27450980392157    0.00000000000000             2
    0.45098039215686   -0.17647058823530    0.00000000000000             2
    0.29411764705883    0.17647058823530    0.00000000000000             2
   -0.17647058823530    0.47058823529412    0.00000000000000             2
   -0.47058823529412    0.29411764705883    0.00000000000000             2
   -0.29411764705883    0.47058823529412    0.00000000000000             2
    0.17647058823530    0.29411764705883    0.00000000000000             2
    0.47058823529412   -0.17647058823530    0.00000000000000             2
    0.31372549019608    0.17647058823530    0.00000000000000             2
   -0.17647058823530    0.49019607843137    0.00000000000000             2
   -0.49019607843137    0.31372549019608    0.00000000000000             2
   -0.31372549019608    0.49019607843137    0.00000000000000             2
    0.17647058823530    0.31372549019608    0.00000000000000             2
    0.49019607843137   -0.17647058823530    0.00000000000000             2
    0.33333333333334    0.17647058823530    0.00000000000000             2
   -0.17647058823530   -0.49019607843137    0.00000000000000             2
    0.49019607843137    0.33333333333334    0.00000000000000             2
   -0.33333333333334   -0.49019607843137    0.00000000000000             2
    0.17647058823530    0.33333333333334    0.00000000000000             2
   -0.49019607843137   -0.17647058823530    0.00000000000000             2
    0.35294117647059    0.17647058823530    0.00000000000000             2
   -0.17647058823530   -0.47058823529412    0.00000000000000             2
    0.47058823529412    0.35294117647059    0.00000000000000             2
   -0.35294117647059   -0.47058823529412    0.00000000000000             2
    0.17647058823530    0.35294117647059    0.00000000000000             2
   -0.47058823529412   -0.17647058823530    0.00000000000000             2
    0.37254901960785    0.17647058823530    0.00000000000000             2
   -0.17647058823530   -0.45098039215686    0.00000000000000             2
    0.45098039215686    0.37254901960785    0.00000000000000             2
   -0.37254901960785   -0.45098039215686    0.00000000000000             2
    0.17647058823530    0.37254901960785    0.00000000000000             2
   -0.45098039215686   -0.17647058823530    0.00000000000000             2
    0.39215686274510    0.17647058823530    0.00000000000000             2
   -0.17647058823530   -0.43137254901961    0.00000000000000             2
    0.43137254901961    0.39215686274510    0.00000000000000             2
   -0.39215686274510   -0.43137254901961    0.00000000000000             2
    0.17647058823530    0.39215686274510    0.00000000000000             2
   -0.43137254901961   -0.17647058823530    0.00000000000000             2
    0.41176470588236    0.17647058823530    0.00000000000000             2
   -0.17647058823530   -0.41176470588235    0.00000000000000             2
    0.41176470588235    0.41176470588236    0.00000000000000             2
    0.19607843137255    0.19607843137255    0.00000000000000             2
   -0.19607843137255    0.39215686274510    0.00000000000000             2
   -0.39215686274510    0.19607843137255    0.00000000000000             2
    0.21568627450981    0.19607843137255    0.00000000000000             2
   -0.19607843137255    0.41176470588235    0.00000000000000             2
   -0.41176470588236    0.21568627450981    0.00000000000000             2
   -0.21568627450981    0.41176470588236    0.00000000000000             2
    0.19607843137255    0.21568627450981    0.00000000000000             2
    0.41176470588235   -0.19607843137255    0.00000000000000             2
    0.23529411764706    0.19607843137255    0.00000000000000             2
   -0.19607843137255    0.43137254901961    0.00000000000000             2
   -0.43137254901961    0.23529411764706    0.00000000000000             2
   -0.23529411764706    0.43137254901961    0.00000000000000             2
    0.19607843137255    0.23529411764706    0.00000000000000             2
    0.43137254901961   -0.19607843137255    0.00000000000000             2
    0.25490196078432    0.19607843137255    0.00000000000000             2
   -0.19607843137255    0.45098039215686    0.00000000000000             2
   -0.45098039215686    0.25490196078432    0.00000000000000             2
   -0.25490196078432    0.45098039215686    0.00000000000000             2
    0.19607843137255    0.25490196078432    0.00000000000000             2
    0.45098039215686   -0.19607843137255    0.00000000000000             2
    0.27450980392157    0.19607843137255    0.00000000000000             2
   -0.19607843137255    0.47058823529412    0.00000000000000             2
   -0.47058823529412    0.27450980392157    0.00000000000000             2
   -0.27450980392157    0.47058823529412    0.00000000000000             2
    0.19607843137255    0.27450980392157    0.00000000000000             2
    0.47058823529412   -0.19607843137255    0.00000000000000             2
    0.29411764705883    0.19607843137255    0.00000000000000             2
   -0.19607843137255    0.49019607843137    0.00000000000000             2
   -0.49019607843137    0.29411764705883    0.00000000000000             2
   -0.29411764705883    0.49019607843137    0.00000000000000             2
    0.19607843137255    0.29411764705883    0.00000000000000             2
    0.49019607843137   -0.19607843137255    0.00000000000000             2
    0.31372549019608    0.19607843137255    0.00000000000000             2
   -0.19607843137255   -0.49019607843137    0.00000000000000             2
    0.49019607843137    0.31372549019608    0.00000000000000             2
   -0.31372549019608   -0.49019607843137    0.00000000000000             2
    0.19607843137255    0.31372549019608    0.00000000000000             2
   -0.49019607843137   -0.19607843137255    0.00000000000000             2
    0.33333333333334    0.19607843137255    0.00000000000000             2
   -0.19607843137255   -0.47058823529412    0.00000000000000             2
    0.47058823529412    0.33333333333334    0.00000000000000             2
   -0.33333333333334   -0.47058823529412    0.00000000000000             2
    0.19607843137255    0.33333333333334    0.00000000000000             2
   -0.47058823529412   -0.19607843137255    0.00000000000000             2
    0.35294117647059    0.19607843137255    0.00000000000000             2
   -0.19607843137255   -0.45098039215686    0.00000000000000             2
    0.45098039215686    0.35294117647059    0.00000000000000             2
   -0.35294117647059   -0.45098039215686    0.00000000000000             2
    0.19607843137255    0.35294117647059    0.00000000000000             2
   -0.45098039215686   -0.19607843137255    0.00000000000000             2
    0.37254901960785    0.19607843137255    0.00000000000000             2
   -0.19607843137255   -0.43137254901961    0.00000000000000             2
    0.43137254901961    0.37254901960785    0.00000000000000             2
   -0.37254901960785   -0.43137254901961    0.00000000000000             2
    0.19607843137255    0.37254901960785    0.00000000000000             2
   -0.43137254901961   -0.19607843137255    0.00000000000000             2
    0.39215686274510    0.19607843137255    0.00000000000000             2
   -0.19607843137255   -0.41176470588236    0.00000000000000             2
    0.41176470588236    0.39215686274510    0.00000000000000             2
   -0.39215686274510   -0.41176470588236    0.00000000000000             2
    0.19607843137255    0.39215686274510    0.00000000000000             2
   -0.41176470588236   -0.19607843137255    0.00000000000000             2
    0.21568627450981    0.21568627450981    0.00000000000000             2
   -0.21568627450981    0.43137254901961    0.00000000000000             2
   -0.43137254901961    0.21568627450981    0.00000000000000             2
    0.23529411764706    0.21568627450981    0.00000000000000             2
   -0.21568627450981    0.45098039215686    0.00000000000000             2
   -0.45098039215686    0.23529411764706    0.00000000000000             2
   -0.23529411764706    0.45098039215686    0.00000000000000             2
    0.21568627450981    0.23529411764706    0.00000000000000             2
    0.45098039215686   -0.21568627450981    0.00000000000000             2
    0.25490196078432    0.21568627450981    0.00000000000000             2
   -0.21568627450981    0.47058823529412    0.00000000000000             2
   -0.47058823529412    0.25490196078432    0.00000000000000             2
   -0.25490196078432    0.47058823529412    0.00000000000000             2
    0.21568627450981    0.25490196078432    0.00000000000000             2
    0.47058823529412   -0.21568627450981    0.00000000000000             2
    0.27450980392157    0.21568627450981    0.00000000000000             2
   -0.21568627450981    0.49019607843137    0.00000000000000             2
   -0.49019607843137    0.27450980392157    0.00000000000000             2
   -0.27450980392157    0.49019607843137    0.00000000000000             2
    0.21568627450981    0.27450980392157    0.00000000000000             2
    0.49019607843137   -0.21568627450981    0.00000000000000             2
    0.29411764705883    0.21568627450981    0.00000000000000             2
   -0.21568627450981   -0.49019607843137    0.00000000000000             2
    0.49019607843137    0.29411764705883    0.00000000000000             2
   -0.29411764705883   -0.49019607843137    0.00000000000000             2
    0.21568627450981    0.29411764705883    0.00000000000000             2
   -0.49019607843137   -0.21568627450981    0.00000000000000             2
    0.31372549019608    0.21568627450981    0.00000000000000             2
   -0.21568627450981   -0.47058823529412    0.00000000000000             2
    0.47058823529412    0.31372549019608    0.00000000000000             2
   -0.31372549019608   -0.47058823529412    0.00000000000000             2
    0.21568627450981    0.31372549019608    0.00000000000000             2
   -0.47058823529412   -0.21568627450981    0.00000000000000             2
    0.33333333333334    0.21568627450981    0.00000000000000             2
   -0.21568627450981   -0.45098039215686    0.00000000000000             2
    0.45098039215686    0.33333333333334    0.00000000000000             2
   -0.33333333333334   -0.45098039215686    0.00000000000000             2
    0.21568627450981    0.33333333333334    0.00000000000000             2
   -0.45098039215686   -0.21568627450981    0.00000000000000             2
    0.35294117647059    0.21568627450981    0.00000000000000             2
   -0.21568627450981   -0.43137254901961    0.00000000000000             2
    0.43137254901961    0.35294117647059    0.00000000000000             2
   -0.35294117647059   -0.43137254901961    0.00000000000000             2
    0.21568627450981    0.35294117647059    0.00000000000000             2
   -0.43137254901961   -0.21568627450981    0.00000000000000             2
    0.37254901960785    0.21568627450981    0.00000000000000             2
   -0.21568627450981   -0.41176470588235    0.00000000000000             2
    0.41176470588235    0.37254901960785    0.00000000000000             2
   -0.37254901960785   -0.41176470588235    0.00000000000000             2
    0.21568627450981    0.37254901960785    0.00000000000000             2
   -0.41176470588235   -0.21568627450981    0.00000000000000             2
    0.39215686274510    0.21568627450981    0.00000000000000             2
   -0.21568627450981   -0.39215686274510    0.00000000000000             2
    0.39215686274510    0.39215686274510    0.00000000000000             2
    0.23529411764706    0.23529411764706    0.00000000000000             2
   -0.23529411764706    0.47058823529412    0.00000000000000             2
   -0.47058823529412    0.23529411764706    0.00000000000000             2
    0.25490196078432    0.23529411764706    0.00000000000000             2
   -0.23529411764706    0.49019607843137    0.00000000000000             2
   -0.49019607843137    0.25490196078432    0.00000000000000             2
   -0.25490196078432    0.49019607843137    0.00000000000000             2
    0.23529411764706    0.25490196078432    0.00000000000000             2
    0.49019607843137   -0.23529411764706    0.00000000000000             2
    0.27450980392157    0.23529411764706    0.00000000000000             2
   -0.23529411764706   -0.49019607843137    0.00000000000000             2
    0.49019607843137    0.27450980392157    0.00000000000000             2
   -0.27450980392157   -0.49019607843137    0.00000000000000             2
    0.23529411764706    0.27450980392157    0.00000000000000             2
   -0.49019607843137   -0.23529411764706    0.00000000000000             2
    0.29411764705883    0.23529411764706    0.00000000000000             2
   -0.23529411764706   -0.47058823529412    0.00000000000000             2
    0.47058823529412    0.29411764705883    0.00000000000000             2
   -0.29411764705883   -0.47058823529412    0.00000000000000             2
    0.23529411764706    0.29411764705883    0.00000000000000             2
   -0.47058823529412   -0.23529411764706    0.00000000000000             2
    0.31372549019608    0.23529411764706    0.00000000000000             2
   -0.23529411764706   -0.45098039215686    0.00000000000000             2
    0.45098039215686    0.31372549019608    0.00000000000000             2
   -0.31372549019608   -0.45098039215686    0.00000000000000             2
    0.23529411764706    0.31372549019608    0.00000000000000             2
   -0.45098039215686   -0.23529411764706    0.00000000000000             2
    0.33333333333334    0.23529411764706    0.00000000000000             2
   -0.23529411764706   -0.43137254901961    0.00000000000000             2
    0.43137254901961    0.33333333333334    0.00000000000000             2
   -0.33333333333334   -0.43137254901961    0.00000000000000             2
    0.23529411764706    0.33333333333334    0.00000000000000             2
   -0.43137254901961   -0.23529411764706    0.00000000000000             2
    0.35294117647059    0.23529411764706    0.00000000000000             2
   -0.23529411764706   -0.41176470588236    0.00000000000000             2
    0.41176470588236    0.35294117647059    0.00000000000000             2
   -0.35294117647059   -0.41176470588236    0.00000000000000             2
    0.23529411764706    0.35294117647059    0.00000000000000             2
   -0.41176470588236   -0.23529411764706    0.00000000000000             2
    0.37254901960785    0.23529411764706    0.00000000000000             2
   -0.23529411764706   -0.39215686274510    0.00000000000000             2
    0.39215686274510    0.37254901960785    0.00000000000000             2
   -0.37254901960785   -0.39215686274510    0.00000000000000             2
    0.23529411764706    0.37254901960785    0.00000000000000             2
   -0.39215686274510   -0.23529411764706    0.00000000000000             2
    0.25490196078432    0.25490196078432    0.00000000000000             2
   -0.25490196078432   -0.49019607843137    0.00000000000000             2
    0.49019607843137    0.25490196078432    0.00000000000000             2
    0.27450980392157    0.25490196078432    0.00000000000000             2
   -0.25490196078432   -0.47058823529412    0.00000000000000             2
    0.47058823529412    0.27450980392157    0.00000000000000             2
   -0.27450980392157   -0.47058823529412    0.00000000000000             2
    0.25490196078432    0.27450980392157    0.00000000000000             2
   -0.47058823529412   -0.25490196078432    0.00000000000000             2
    0.29411764705883    0.25490196078432    0.00000000000000             2
   -0.25490196078432   -0.45098039215686    0.00000000000000             2
    0.45098039215686    0.29411764705883    0.00000000000000             2
   -0.29411764705883   -0.45098039215686    0.00000000000000             2
    0.25490196078432    0.29411764705883    0.00000000000000             2
   -0.45098039215686   -0.25490196078432    0.00000000000000             2
    0.31372549019608    0.25490196078432    0.00000000000000             2
   -0.25490196078432   -0.43137254901961    0.00000000000000             2
    0.43137254901961    0.31372549019608    0.00000000000000             2
   -0.31372549019608   -0.43137254901961    0.00000000000000             2
    0.25490196078432    0.31372549019608    0.00000000000000             2
   -0.43137254901961   -0.25490196078432    0.00000000000000             2
    0.33333333333334    0.25490196078432    0.00000000000000             2
   -0.25490196078432   -0.41176470588235    0.00000000000000             2
    0.41176470588235    0.33333333333334    0.00000000000000             2
   -0.33333333333334   -0.41176470588235    0.00000000000000             2
    0.25490196078432    0.33333333333334    0.00000000000000             2
   -0.41176470588235   -0.25490196078432    0.00000000000000             2
    0.35294117647059    0.25490196078432    0.00000000000000             2
   -0.25490196078432   -0.39215686274510    0.00000000000000             2
    0.39215686274510    0.35294117647059    0.00000000000000             2
   -0.35294117647059   -0.39215686274510    0.00000000000000             2
    0.25490196078432    0.35294117647059    0.00000000000000             2
   -0.39215686274510   -0.25490196078432    0.00000000000000             2
    0.37254901960785    0.25490196078432    0.00000000000000             2
   -0.25490196078432   -0.37254901960784    0.00000000000000             2
    0.37254901960784    0.37254901960785    0.00000000000000             2
    0.27450980392157    0.27450980392157    0.00000000000000             2
   -0.27450980392157   -0.45098039215686    0.00000000000000             2
    0.45098039215686    0.27450980392157    0.00000000000000             2
    0.29411764705883    0.27450980392157    0.00000000000000             2
   -0.27450980392157   -0.43137254901961    0.00000000000000             2
    0.43137254901961    0.29411764705883    0.00000000000000             2
   -0.29411764705883   -0.43137254901961    0.00000000000000             2
    0.27450980392157    0.29411764705883    0.00000000000000             2
   -0.43137254901961   -0.27450980392157    0.00000000000000             2
    0.31372549019608    0.27450980392157    0.00000000000000             2
   -0.27450980392157   -0.41176470588236    0.00000000000000             2
    0.41176470588236    0.31372549019608    0.00000000000000             2
   -0.31372549019608   -0.41176470588236    0.00000000000000             2
    0.27450980392157    0.31372549019608    0.00000000000000             2
   -0.41176470588236   -0.27450980392157    0.00000000000000             2
    0.33333333333334    0.27450980392157    0.00000000000000             2
   -0.27450980392157   -0.39215686274510    0.00000000000000             2
    0.39215686274510    0.33333333333334    0.00000000000000             2
   -0.33333333333334   -0.39215686274510    0.00000000000000             2
    0.27450980392157    0.33333333333334    0.00000000000000             2
   -0.39215686274510   -0.27450980392157    0.00000000000000             2
    0.35294117647059    0.27450980392157    0.00000000000000             2
   -0.27450980392157   -0.37254901960785    0.00000000000000             2
    0.37254901960785    0.35294117647059    0.00000000000000             2
   -0.35294117647059   -0.37254901960785    0.00000000000000             2
    0.27450980392157    0.35294117647059    0.00000000000000             2
   -0.37254901960785   -0.27450980392157    0.00000000000000             2
    0.29411764705883    0.29411764705883    0.00000000000000             2
   -0.29411764705883   -0.41176470588235    0.00000000000000             2
    0.41176470588235    0.29411764705883    0.00000000000000             2
    0.31372549019608    0.29411764705883    0.00000000000000             2
   -0.29411764705883   -0.39215686274510    0.00000000000000             2
    0.39215686274510    0.31372549019608    0.00000000000000             2
   -0.31372549019608   -0.39215686274510    0.00000000000000             2
    0.29411764705883    0.31372549019608    0.00000000000000             2
   -0.39215686274510   -0.29411764705883    0.00000000000000             2
    0.33333333333334    0.29411764705883    0.00000000000000             2
   -0.29411764705883   -0.37254901960784    0.00000000000000             2
    0.37254901960784    0.33333333333334    0.00000000000000             2
   -0.33333333333334   -0.37254901960784    0.00000000000000             2
    0.29411764705883    0.33333333333334    0.00000000000000             2
   -0.37254901960784   -0.29411764705883    0.00000000000000             2
    0.35294117647059    0.29411764705883    0.00000000000000             2
   -0.29411764705883   -0.35294117647059    0.00000000000000             2
    0.35294117647059    0.35294117647059    0.00000000000000             2
    0.31372549019608    0.31372549019608    0.00000000000000             2
   -0.31372549019608   -0.37254901960785    0.00000000000000             2
    0.37254901960785    0.31372549019608    0.00000000000000             2
    0.33333333333334    0.31372549019608    0.00000000000000             2
   -0.31372549019608   -0.35294117647059    0.00000000000000             2
    0.35294117647059    0.33333333333334    0.00000000000000             2
   -0.33333333333334   -0.35294117647059    0.00000000000000             2
    0.31372549019608    0.33333333333334    0.00000000000000             2
   -0.35294117647059   -0.31372549019608    0.00000000000000             2
    0.33333333333334    0.33333333333334    0.00000000000000             2
