Automatically generated mesh
     290
Reciprocal lattice
    0.00000000000000    0.00000000000000    0.00000000000000             1
    0.04166666666667    0.00000000000000    0.00000000000000             2
    0.08333333333333   -0.00000000000000    0.00000000000000             2
    0.12500000000000    0.00000000000000    0.00000000000000             2
    0.16666666666667    0.00000000000000    0.00000000000000             2
    0.20833333333333    0.00000000000000    0.00000000000000             2
    0.25000000000000    0.00000000000000    0.00000000000000             2
    0.29166666666667    0.00000000000000    0.00000000000000             2
    0.33333333333333   -0.00000000000000    0.00000000000000             2
    0.37500000000000    0.00000000000000    0.00000000000000             2
    0.41666666666667    0.00000000000000    0.00000000000000             2
    0.45833333333333    0.00000000000000    0.00000000000000             2
    0.50000000000000    0.00000000000000    0.00000000000000             1
    0.00000000000000    0.04166666666667    0.00000000000000             2
    0.04166666666667    0.04166666666667    0.00000000000000             2
    0.08333333333333    0.04166666666667    0.00000000000000             2
    0.12500000000000    0.04166666666667    0.00000000000000             2
    0.16666666666667    0.04166666666667    0.00000000000000             2
    0.20833333333333    0.04166666666667    0.00000000000000             2
    0.25000000000000    0.04166666666667    0.00000000000000             2
    0.29166666666667    0.04166666666667    0.00000000000000             2
    0.33333333333333    0.04166666666667    0.00000000000000             2
    0.37500000000000    0.04166666666667    0.00000000000000             2
    0.41666666666667    0.04166666666667    0.00000000000000             2
    0.45833333333333    0.04166666666667    0.00000000000000             2
    0.50000000000000    0.04166666666667    0.00000000000000             2
   -0.45833333333333    0.04166666666667    0.00000000000000             2
   -0.41666666666667    0.04166666666667    0.00000000000000             2
   -0.37500000000000    0.04166666666667    0.00000000000000             2
   -0.33333333333333    0.04166666666667    0.00000000000000             2
   -0.29166666666667    0.04166666666667    0.00000000000000             2
   -0.25000000000000    0.04166666666667    0.00000000000000             2
   -0.20833333333333    0.04166666666667    0.00000000000000             2
   -0.16666666666667    0.04166666666667    0.00000000000000             2
   -0.12500000000000    0.04166666666667    0.00000000000000             2
   -0.08333333333333    0.04166666666667    0.00000000000000             2
   -0.04166666666667    0.04166666666667    0.00000000000000             2
   -0.00000000000000    0.08333333333333    0.00000000000000             2
    0.04166666666667    0.08333333333333    0.00000000000000             2
    0.08333333333333    0.08333333333333    0.00000000000000             2
    0.12500000000000    0.08333333333333    0.00000000000000             2
    0.16666666666667    0.08333333333333    0.00000000000000             2
    0.20833333333333    0.08333333333333    0.00000000000000             2
    0.25000000000000    0.08333333333333    0.00000000000000             2
    0.29166666666667    0.08333333333333    0.00000000000000             2
    0.33333333333333    0.08333333333333    0.00000000000000             2
    0.37500000000000    0.08333333333333    0.00000000000000             2
    0.41666666666667    0.08333333333333    0.00000000000000             2
    0.45833333333333    0.08333333333333    0.00000000000000             2
    0.50000000000000    0.08333333333333    0.00000000000000             2
   -0.45833333333333    0.08333333333333    0.00000000000000             2
   -0.41666666666667    0.08333333333333    0.00000000000000             2
   -0.37500000000000    0.08333333333333    0.00000000000000             2
   -0.33333333333333    0.08333333333333    0.00000000000000             2
   -0.29166666666667    0.08333333333333    0.00000000000000             2
   -0.25000000000000    0.08333333333333    0.00000000000000             2
   -0.20833333333333    0.08333333333333    0.00000000000000             2
   -0.16666666666667    0.08333333333333    0.00000000000000             2
   -0.12500000000000    0.08333333333333    0.00000000000000             2
   -0.08333333333333    0.08333333333333    0.00000000000000             2
   -0.04166666666667    0.08333333333333    0.00000000000000             2
    0.00000000000000    0.12500000000000    0.00000000000000             2
    0.04166666666667    0.12500000000000    0.00000000000000             2
    0.08333333333333    0.12500000000000    0.00000000000000             2
    0.12500000000000    0.12500000000000    0.00000000000000             2
    0.16666666666667    0.12500000000000    0.00000000000000             2
    0.20833333333333    0.12500000000000    0.00000000000000             2
    0.25000000000000    0.12500000000000    0.00000000000000             2
    0.29166666666667    0.12500000000000    0.00000000000000             2
    0.33333333333333    0.12500000000000    0.00000000000000             2
    0.37500000000000    0.12500000000000    0.00000000000000             2
    0.41666666666667    0.12500000000000    0.00000000000000             2
    0.45833333333333    0.12500000000000    0.00000000000000             2
    0.50000000000000    0.12500000000000    0.00000000000000             2
   -0.45833333333333    0.12500000000000    0.00000000000000             2
   -0.41666666666667    0.12500000000000    0.00000000000000             2
   -0.37500000000000    0.12500000000000    0.00000000000000             2
   -0.33333333333333    0.12500000000000    0.00000000000000             2
   -0.29166666666667    0.12500000000000    0.00000000000000             2
   -0.25000000000000    0.12500000000000    0.00000000000000             2
   -0.20833333333333    0.12500000000000    0.00000000000000             2
   -0.16666666666667    0.12500000000000    0.00000000000000             2
   -0.12500000000000    0.12500000000000    0.00000000000000             2
   -0.08333333333333    0.12500000000000    0.00000000000000             2
   -0.04166666666667    0.12500000000000    0.00000000000000             2
    0.00000000000000    0.16666666666667    0.00000000000000             2
    0.04166666666667    0.16666666666667    0.00000000000000             2
    0.08333333333333    0.16666666666667    0.00000000000000             2
    0.12500000000000    0.16666666666667    0.00000000000000             2
    0.16666666666667    0.16666666666667    0.00000000000000             2
    0.20833333333333    0.16666666666667    0.00000000000000             2
    0.25000000000000    0.16666666666667    0.00000000000000             2
    0.29166666666667    0.16666666666667    0.00000000000000             2
    0.33333333333333    0.16666666666667    0.00000000000000             2
    0.37500000000000    0.16666666666667    0.00000000000000             2
    0.41666666666667    0.16666666666667    0.00000000000000             2
    0.45833333333333    0.16666666666667    0.00000000000000             2
    0.50000000000000    0.16666666666667    0.00000000000000             2
   -0.45833333333333    0.16666666666667    0.00000000000000             2
   -0.41666666666667    0.16666666666667    0.00000000000000             2
   -0.37500000000000    0.16666666666667    0.00000000000000             2
   -0.33333333333333    0.16666666666667    0.00000000000000             2
   -0.29166666666667    0.16666666666667    0.00000000000000             2
   -0.25000000000000    0.16666666666667    0.00000000000000             2
   -0.20833333333333    0.16666666666667    0.00000000000000             2
   -0.16666666666667    0.16666666666667    0.00000000000000             2
   -0.12500000000000    0.16666666666667    0.00000000000000             2
   -0.08333333333333    0.16666666666667    0.00000000000000             2
   -0.04166666666667    0.16666666666667    0.00000000000000             2
    0.00000000000000    0.20833333333333    0.00000000000000             2
    0.04166666666667    0.20833333333333    0.00000000000000             2
    0.08333333333333    0.20833333333333    0.00000000000000             2
    0.12500000000000    0.20833333333333    0.00000000000000             2
    0.16666666666667    0.20833333333333    0.00000000000000             2
    0.20833333333333    0.20833333333333    0.00000000000000             2
    0.25000000000000    0.20833333333333    0.00000000000000             2
    0.29166666666667    0.20833333333333    0.00000000000000             2
    0.33333333333333    0.20833333333333    0.00000000000000             2
    0.37500000000000    0.20833333333333    0.00000000000000             2
    0.41666666666667    0.20833333333333    0.00000000000000             2
    0.45833333333333    0.20833333333333    0.00000000000000             2
    0.50000000000000    0.20833333333333    0.00000000000000             2
   -0.45833333333333    0.20833333333333    0.00000000000000             2
   -0.41666666666667    0.20833333333333    0.00000000000000             2
   -0.37500000000000    0.20833333333333    0.00000000000000             2
   -0.33333333333333    0.20833333333333    0.00000000000000             2
   -0.29166666666667    0.20833333333333    0.00000000000000             2
   -0.25000000000000    0.20833333333333    0.00000000000000             2
   -0.20833333333333    0.20833333333333    0.00000000000000             2
   -0.16666666666667    0.20833333333333    0.00000000000000             2
   -0.12500000000000    0.20833333333333    0.00000000000000             2
   -0.08333333333333    0.20833333333333    0.00000000000000             2
   -0.04166666666667    0.20833333333333    0.00000000000000             2
    0.00000000000000    0.25000000000000    0.00000000000000             2
    0.04166666666667    0.25000000000000    0.00000000000000             2
    0.08333333333333    0.25000000000000    0.00000000000000             2
    0.12500000000000    0.25000000000000    0.00000000000000             2
    0.16666666666667    0.25000000000000    0.00000000000000             2
    0.20833333333333    0.25000000000000    0.00000000000000             2
    0.25000000000000    0.25000000000000    0.00000000000000             2
    0.29166666666667    0.25000000000000    0.00000000000000             2
    0.33333333333333    0.25000000000000    0.00000000000000             2
    0.37500000000000    0.25000000000000    0.00000000000000             2
    0.41666666666667    0.25000000000000    0.00000000000000             2
    0.45833333333333    0.25000000000000    0.00000000000000             2
    0.50000000000000    0.25000000000000    0.00000000000000             2
   -0.45833333333333    0.25000000000000    0.00000000000000             2
   -0.41666666666667    0.25000000000000    0.00000000000000             2
   -0.37500000000000    0.25000000000000    0.00000000000000             2
   -0.33333333333333    0.25000000000000    0.00000000000000             2
   -0.29166666666667    0.25000000000000    0.00000000000000             2
   -0.25000000000000    0.25000000000000    0.00000000000000             2
   -0.20833333333333    0.25000000000000    0.00000000000000             2
   -0.16666666666667    0.25000000000000    0.00000000000000             2
   -0.12500000000000    0.25000000000000    0.00000000000000             2
   -0.08333333333333    0.25000000000000    0.00000000000000             2
   -0.04166666666667    0.25000000000000    0.00000000000000             2
    0.00000000000000    0.29166666666667    0.00000000000000             2
    0.04166666666667    0.29166666666667    0.00000000000000             2
    0.08333333333333    0.29166666666667    0.00000000000000             2
    0.12500000000000    0.29166666666667    0.00000000000000             2
    0.16666666666667    0.29166666666667    0.00000000000000             2
    0.20833333333333    0.29166666666667    0.00000000000000             2
    0.25000000000000    0.29166666666667    0.00000000000000             2
    0.29166666666667    0.29166666666667    0.00000000000000             2
    0.33333333333333    0.29166666666667    0.00000000000000             2
    0.37500000000000    0.29166666666667    0.00000000000000             2
    0.41666666666667    0.29166666666667    0.00000000000000             2
    0.45833333333333    0.29166666666667    0.00000000000000             2
    0.50000000000000    0.29166666666667    0.00000000000000             2
   -0.45833333333333    0.29166666666667    0.00000000000000             2
   -0.41666666666667    0.29166666666667    0.00000000000000             2
   -0.37500000000000    0.29166666666667    0.00000000000000             2
   -0.33333333333333    0.29166666666667    0.00000000000000             2
   -0.29166666666667    0.29166666666667    0.00000000000000             2
   -0.25000000000000    0.29166666666667    0.00000000000000             2
   -0.20833333333333    0.29166666666667    0.00000000000000             2
   -0.16666666666667    0.29166666666667    0.00000000000000             2
   -0.12500000000000    0.29166666666667    0.00000000000000             2
   -0.08333333333333    0.29166666666667    0.00000000000000             2
   -0.04166666666667    0.29166666666667    0.00000000000000             2
   -0.00000000000000    0.33333333333333    0.00000000000000             2
    0.04166666666667    0.33333333333333    0.00000000000000             2
    0.08333333333333    0.33333333333333    0.00000000000000             2
    0.12500000000000    0.33333333333333    0.00000000000000             2
    0.16666666666667    0.33333333333333    0.00000000000000             2
    0.20833333333333    0.33333333333333    0.00000000000000             2
    0.25000000000000    0.33333333333333    0.00000000000000             2
    0.29166666666667    0.33333333333333    0.00000000000000             2
    0.33333333333333    0.33333333333333    0.00000000000000             2
    0.37500000000000    0.33333333333333    0.00000000000000             2
    0.41666666666667    0.33333333333333    0.00000000000000             2
    0.45833333333333    0.33333333333333    0.00000000000000             2
    0.50000000000000    0.33333333333333    0.00000000000000             2
   -0.45833333333333    0.33333333333333    0.00000000000000             2
   -0.41666666666667    0.33333333333333    0.00000000000000             2
   -0.37500000000000    0.33333333333333    0.00000000000000             2
   -0.33333333333333    0.33333333333333    0.00000000000000             2
   -0.29166666666667    0.33333333333333    0.00000000000000             2
   -0.25000000000000    0.33333333333333    0.00000000000000             2
   -0.20833333333333    0.33333333333333    0.00000000000000             2
   -0.16666666666667    0.33333333333333    0.00000000000000             2
   -0.12500000000000    0.33333333333333    0.00000000000000             2
   -0.08333333333333    0.33333333333333    0.00000000000000             2
   -0.04166666666667    0.33333333333333    0.00000000000000             2
    0.00000000000000    0.37500000000000    0.00000000000000             2
    0.04166666666667    0.37500000000000    0.00000000000000             2
    0.08333333333333    0.37500000000000    0.00000000000000             2
    0.12500000000000    0.37500000000000    0.00000000000000             2
    0.16666666666667    0.37500000000000    0.00000000000000             2
    0.20833333333333    0.37500000000000    0.00000000000000             2
    0.25000000000000    0.37500000000000    0.00000000000000             2
    0.29166666666667    0.37500000000000    0.00000000000000             2
    0.33333333333333    0.37500000000000    0.00000000000000             2
    0.37500000000000    0.37500000000000    0.00000000000000             2
    0.41666666666667    0.37500000000000    0.00000000000000             2
    0.45833333333333    0.37500000000000    0.00000000000000             2
    0.50000000000000    0.37500000000000    0.00000000000000             2
   -0.45833333333333    0.37500000000000    0.00000000000000             2
   -0.41666666666667    0.37500000000000    0.00000000000000             2
   -0.37500000000000    0.37500000000000    0.00000000000000             2
   -0.33333333333333    0.37500000000000    0.00000000000000             2
   -0.29166666666667    0.37500000000000    0.00000000000000             2
   -0.25000000000000    0.37500000000000    0.00000000000000             2
   -0.20833333333333    0.37500000000000    0.00000000000000             2
   -0.16666666666667    0.37500000000000    0.00000000000000             2
   -0.12500000000000    0.37500000000000    0.00000000000000             2
   -0.08333333333333    0.37500000000000    0.00000000000000             2
   -0.04166666666667    0.37500000000000    0.00000000000000             2
    0.00000000000000    0.41666666666667    0.00000000000000             2
    0.04166666666667    0.41666666666667    0.00000000000000             2
    0.08333333333333    0.41666666666667    0.00000000000000             2
    0.12500000000000    0.41666666666667    0.00000000000000             2
    0.16666666666667    0.41666666666667    0.00000000000000             2
    0.20833333333333    0.41666666666667    0.00000000000000             2
    0.25000000000000    0.41666666666667    0.00000000000000             2
    0.29166666666667    0.41666666666667    0.00000000000000             2
    0.33333333333333    0.41666666666667    0.00000000000000             2
    0.37500000000000    0.41666666666667    0.00000000000000             2
    0.41666666666667    0.41666666666667    0.00000000000000             2
    0.45833333333333    0.41666666666667    0.00000000000000             2
    0.50000000000000    0.41666666666667    0.00000000000000             2
   -0.45833333333333    0.41666666666667    0.00000000000000             2
   -0.41666666666667    0.41666666666667    0.00000000000000             2
   -0.37500000000000    0.41666666666667    0.00000000000000             2
   -0.33333333333333    0.41666666666667    0.00000000000000             2
   -0.29166666666667    0.41666666666667    0.00000000000000             2
   -0.25000000000000    0.41666666666667    0.00000000000000             2
   -0.20833333333333    0.41666666666667    0.00000000000000             2
   -0.16666666666667    0.41666666666667    0.00000000000000             2
   -0.12500000000000    0.41666666666667    0.00000000000000             2
   -0.08333333333333    0.41666666666667    0.00000000000000             2
   -0.04166666666667    0.41666666666667    0.00000000000000             2
    0.00000000000000    0.45833333333333    0.00000000000000             2
    0.04166666666667    0.45833333333333    0.00000000000000             2
    0.08333333333333    0.45833333333333    0.00000000000000             2
    0.12500000000000    0.45833333333333    0.00000000000000             2
    0.16666666666667    0.45833333333333    0.00000000000000             2
    0.20833333333333    0.45833333333333    0.00000000000000             2
    0.25000000000000    0.45833333333333    0.00000000000000             2
    0.29166666666667    0.45833333333333    0.00000000000000             2
    0.33333333333333    0.45833333333333    0.00000000000000             2
    0.37500000000000    0.45833333333333    0.00000000000000             2
    0.41666666666667    0.45833333333333    0.00000000000000             2
    0.45833333333333    0.45833333333333    0.00000000000000             2
    0.50000000000000    0.45833333333333    0.00000000000000             2
   -0.45833333333333    0.45833333333333    0.00000000000000             2
   -0.41666666666667    0.45833333333333    0.00000000000000             2
   -0.37500000000000    0.45833333333333    0.00000000000000             2
   -0.33333333333333    0.45833333333333    0.00000000000000             2
   -0.29166666666667    0.45833333333333    0.00000000000000             2
   -0.25000000000000    0.45833333333333    0.00000000000000             2
   -0.20833333333333    0.45833333333333    0.00000000000000             2
   -0.16666666666667    0.45833333333333    0.00000000000000             2
   -0.12500000000000    0.45833333333333    0.00000000000000             2
   -0.08333333333333    0.45833333333333    0.00000000000000             2
   -0.04166666666667    0.45833333333333    0.00000000000000             2
    0.00000000000000    0.50000000000000    0.00000000000000             1
    0.04166666666667    0.50000000000000    0.00000000000000             2
    0.08333333333333    0.50000000000000    0.00000000000000             2
    0.12500000000000    0.50000000000000    0.00000000000000             2
    0.16666666666667    0.50000000000000    0.00000000000000             2
    0.20833333333333    0.50000000000000    0.00000000000000             2
    0.25000000000000    0.50000000000000    0.00000000000000             2
    0.29166666666667    0.50000000000000    0.00000000000000             2
    0.33333333333333    0.50000000000000    0.00000000000000             2
    0.37500000000000    0.50000000000000    0.00000000000000             2
    0.41666666666667    0.50000000000000    0.00000000000000             2
    0.45833333333333    0.50000000000000    0.00000000000000             2
    0.50000000000000    0.50000000000000    0.00000000000000             1
